010010010101
000111111111
111011110111
111111111111
110110111110
111011111101
001111100011
111011111101
001111101011
111011111101
111011111101
110110111110
111111101101
111110111111
111110111111
011010010110
100101111011
111111111101
110111101011
110111101011
111110111111
001000010110
110111101011
111111111101
001010010110
110101101011
001011010110
111101101111
111101101111
110100111001
111111101111
001011000110
001011010110
100101101101
101101111111
111101111111
111101111011
111100111010
111011101101
111110111110
111011111111
111011111111
000111001101
111110111110
111110111110
000111001101
000111011101
010110101110
111111011111
011110110110
111001111111
111001011111
111011111111
111011111111
011110010110
111111111111
100111101011
111010110110
011011011111
111111111101
001111011111
111110110110
100111101111
100111101111
111101111111
111101111111
111111111101
111111111101
111110110110
111111111111
111001111111
110111111111
100010101101
101010101101
111011011111
111111111111
001110101000
111111111111
001001000000
001001000000
111110111111
110111111111
111111111111
111110111111
001001000000
111101011111
111110100101
110010100101
010000101111
111111010111
100010101001
111101110111
110000000111
111011011111
011111111110
101011010001
101111010101
010110100110
101111011101
111011101011
010110111110
111111110111
111011111011
111111110111
111101111110
111001111010
111111111111
100110000111
011101111111
111011111000
100110000111
011011111000
111011101000
111101111111
011111111101
011111111101
010100010001
101011101110
110100010101
011111111011
100010100110
101111101110
100010010001
100010010001
011101101110
110010110101
111111101111
011111111010
010010000101
111111111111
100100110111
111111111111
101011001011
011111111111
111011111011
111011111011
111111111111
111111111111
111111111111
111111111101
111111111111
100100111111
100110111111
011111111011
111011110111
110110100101
100110100111
100110100111
000110100111
100110100111
011011111010
100010110011
101011010001
110111011100
111111111111
011100001111
111111111110
010101010111
011110000101
011110000101
100001101010
011100010101
011100010101
100001111011
111111111111
111111111111
011110010100
111111111111
100001101011
111110110100
100001100001
011111011111
111111111111
011111011111
011111011111
011111011111
111100110101
111111111111
111111111111
111111111111
011111011111
011111011111
111111111101
111111111101
011111011101
100000101010
111111110111
111111111101
111111111101
111111111111
111111110101
111111110111
110111111111
111111110111
111111111111
111111110111
110010110101
111111111111
110111111101
001101011111
111111110111
110111111101
110010101100
111111110011
111111111111
110010101100
111111110111
001101011111
111111110111
111111111111
111111111111
111111111011
111111110111
100000111001
011111001110
001111001110
011111001110
111111111111
010101111001
111111111111
010101110001
010101110001
011011010110
011110011111
011110011111
111111111111
111111111111
101111111111
010110001001
111111111111
010110001001
011110011111
111111101111
000110001001
001110001111
011110001111
111111111111
011110001111
111111111111
011110011111
111111101111
111111111111
011110001111
111111101111
011110001111
011110001111
110101111001
011110001111
011110001111
111111111111
011010100110
110000010000
110000010000
010010000001
111001111110
001011101111
011111101111
011111101111
101011110101
101011110101
111011111101
101011110101
101011110101
111111111110
111111111110
111111111111
010110101011
010110101011
101001010101
101001010101
101001010101
101011110111
101001010101
111101011101
101101010101
101001010101
111111111111
101101000101
101101000101
111111111111
101101000101
101101000101
101101000101
010010111010
111111111111
101101000111
110111111000
101101000111
011010001111
110111111000
101101110111
101111110111
111101111111
111111111111
111101111111
100111110000
111111111111
111111111111
110111111000
110111111000
001010000111
001010000111
110111111000
111101111111
111101111111
001010000111
111111111111
001010000101
111111101111
111110110110
000001101001
111111011111
111111111111
111110110110
111111111111
111111111111
000111000011
111111111111
110111011111
001000100000
110111011111
110111011111
101010001100
111111111111
111111111111
101111111111
111010001110
111111111101
100010001100
011110111101
011110111101
011110100111
111111110111
010110000111
010110000111
111111111111
111111111111
111111111111
111111101111
110111010111
110111010111
110111000111
001000111000
111111110111
111111110111
111111110111
111111000111
111111111111
111111111111
111111000111
111111100111
111011100111
111111110111
111011110111
111101011111
111001010111
111011110111
110111111111
111111111111
111111111111
101010111011
111011111111
111011111111
111101100101
000110011010
110110011010
100110011010
111110111011
111111011110
111111011010
010111011000
011111011110
110111111001
101000100111
010111011000
010111011000
011111111111
111111111111
011111011110
011111111111
110111111001
111111011110
101000100111
010111111001
010111111001
011111111111
110111011000
110111011000
011111111111
110101100101
010101100101
111111111110
111100111101
000111011111
111000000001
111111111111
111111111111
111000100001
111111111111
000111111110
111000100001
111111111111
000111111110
111111111111
111000100001
111111111111
111111111111
111111111111
000111111110
111110110011
110011001101
110011001101
110111111110
011011001001
101100110111
110111111110
011111001101
011111001101
110111111110
011011001001
110111111110
110111111110
111111111111
111111111110
011111001101
111011111011
111011111011
111011111011
100100110110
011111001101
100100110110
100100110110
011011111011
111111001101
111111001101
111111111111
000110111110
011011111010
111111001111
011001111001
100111110110
111111001111
100111110110
111110001111
111111111111
011011111101
111111111111
111101001011
111101001011
111110111111
100111110110
100111110110
111101001011
111101001011
111101001010
011010111111
100111110111
111011110111
111011110111
111011110111
111111011111
110111111111
101011010011
011100101100
110111111111
101001111001
111111011011
101011111111
010100101100
111111111011
111101111101
111111111011
111111111111
000001000110
111111111111
111111111011
111101111011
111111111011
111101111111
111111101101
111111111110
101101111111
111111111011
110001111101
011111010011
111110101111
101101011111
111111111111
101010000011
000100100111
111111111101
111011111010
001111110000
001111110000
111110111111
111110111111
111110111111
110111111111
110010111111
111111111111
111010111111
111010111111
111010111111
111111011101
111101001101
001011110010
111111011101
110110111111
110100101111
111110111111
110100001101
111101101111
111100101111
111100101111
111110111111
111111111111
111011111111
111011111111
001100100010
111011111111
110111011101
111111111111
001100100010
011110101100
011110101100
110011111011
111111010111
100011111011
011110101100
111101010111
100001010011
011011101010
110110011111
111111111101
111111111111
110111111111
110111111111
110111111111
110111111111
110111111111
101111110111
101111110111
101111110111
101111110111
010111100110
111111111111
011111101110
010111100110
111111111111
100110110111
111001011001
111001011001
101111110111
001110100110
110001011001
011110101110
111101111111
111101111101
101111110111
001111100110
100110110111
011111101110
111110111111
100111110111
011111101110
000111100110
111111111111
100111110111
111111111101
111011011011
110001011011
111111110101
001110101110
100000001011
111011110101
111011100101
010110111100
010110111100
111011110111
111111110110
111111111111
111111111111
101101100010
001110111111
001110111111
111111100001
111111111111
111011011110
000100111111
111111100001
111111100001
111110100001
111110100011
000001011100
100001111101
100001111101
111110100111
100001111101
100001111101
111110100111
101001111101
111110100011
010111011110
101001111111
101001111111
111111111111
101001111111
111110100001
101000100001
111110100001
111111111111
101000100001
111110100001
111111111111
111110100001
110111010101
010110110111
111111011101
111110111111
111111101111
111111111111
111111101111
111111111101
111111111111
011100000111
110100110111
111111111111
111111111011
110110111111
110110111011
111001010101
101111111110
110110111011
111111111011
110001110001
111110111111
010001100101
111111111111
110001110101
100001110001
111111111111
111111111111
101111011110
111110111111
010001100001
110111111111
110101111111
111011110101
101110011110
110001110101
111111111011
111111111011
101110011110
111111111111
010101101111
110101111111
110101111111
010101101011
111110111101
110101000010
110011111111
111111110111
111111111111
010101011111
010111011111
111111111111
111010100010
111110100011
011010100010
110111111101
111011111111
110111111101
111111011110
011111111011
101100100111
111011111111
111111011100
110111111111
011101000001
110110111111
101111111110
110110111111
110110111111
110110111111
011011111011
111111111111
111111111111
110110111111
111010111111
100111000110
011101111001
111111111111
111111111111
111010111111
011101111001
111111111111
100111000110
111010111111
111010111111
111010111111
011000100001
111111111111
011101100001
111111111111
011101100001
011101100001
011101100001
111111111111
111111111111
011101100001
111111111111
111111111111
110101000000
110101000000
101110111111
011011111111
001010100111
100001111011
100001111011
100001111011
010111000101
111001111110
001111111011
111001111110
101111011011
111110111111
111111111111
110001111110
001110000001
111111111111
001110000001
110001111110
110001111110
001110000001
001110000001
001110000001
111111111111
101111011011
111111011111
101111011011
111111111111
111111111111
111111111111
010000100100
101111111111
111111011011
101111011011
101111111111
010000100100
010000100100
101111011011
010000100100
111111111011
111111011011
010000100100
101111011011
101111111111
111111011011
111111111111
111111111110
111111011011
101111011010
010000100101
101111111110
111111111111
111111111111
111111011011
010000000101
101111111110
111111111111
111111111111
111111111111
111111111111
111111111111
111111111111
111111111111
111111111111
111111111111
111111111111
011000100001
111111111101
000000100010
111111011111
111111111101
111111111111
111111111101
111111111101
111111111111
111000011100
011111111111
001111111111
111111111111
111111111111
111000011100
111000111110
110111101011
111000111110
111111111111
111000111110
001111010101
110111101011
111111011101
110000101010
111111011101
001111111111
111111011101
111000111110
111111111111
111000111110
110000101010
110000101010
111111110111
111111111111
011000010100
111111111111
111111111111
101111111111
011000111110
110111000001
111111111111
110111000001
111111111111
110111000001
110111000001
111111111111
111111111111
011000111110
111111111111
011000111110
111111111111
011000111110
111111111111
111111111111
111111111111
111111111111
011110000000
101001111111
110111111111
111111111111
111111000001
110111111111
110111111111
110111111111
111111111111
101001111111
011110111110
011110111110
101001111111
001000111110
110111111111
111111111111
111111111111
111111111111
111111111111
111111111111
111111111111
110111111111
110111111111
011110000000
011110000000
011110000000
011110000000
011110000000
110111111111
111111111111
101001111111
110111111111
110111111111
110111111111
110111111111
101001111111
011110000000
110111111111
110111111111
110111111111
111111111111
110111111111
110111111111
110111111111
110111111111
110111111111
110111111111
110111111111
101101111111
101111111111
100101100011
110101100111
111011111101
111111111111
111111111011
110101101001
111111111111
101111110111
110101101001
110101101001
010000001110
111011011110
111011011000
111011011110
110111111001
111011011110
110011011000
111111111111
111111111111
111111110001
111111111111
111111110001
111111111111
111111111001
011010011110
011010011110
011010011110
011010011110
011010011110
111111111111
111111111111
111111111111
111111011100
111111111100
111111111111
111011111111
111111111111
111111111111
111111111111
111111111111
111111111111
111111111111
111111111111
111011100101
110111111010
111111111111
001100011111
110111101000
111011110111
111011110111
111011110111
111111111111
111011110111
110101101000
101110011111
010101101000
010101111000
111010110111
111010110110
011110001111
011101101110
011101101110
011101101110
011111101111
111101111110
011111101111
011111101111
011111101111
011111101111
111010011111
100111111000
101011101110
100010011110
100011011110
111111111111
000010101110
000010001110
111101110111
111101110001
011110101111
011110101111
111111111001
111111111001
100011011000
100011011000
111111111111
111111111001
100011011110
111111011111
111111111111
111111011111
111111111111
111101010001
111101010001
111101010001
111101010001
111101010001
110101010000
111101010111
111010111111
111010111111
111111111001
101010111111
111111111111
011111101011
011010111111
111010111111
111111111111
111010111111
101101010111
111010111111
111111101111
110111101000
001010111001
111111101111
001010001101
110101110010
001010001101
111101111111
111101111111
000110111100
111011000111
111111111111
111101111111
111101111111
111100111111
111111111111
101011001111
101011001110
111101110001
011111111111
011111100111
111111111101
001110100101
010101110111
110111111111
110111111111
111111111111
111110011000
100011101111
000011101101
110011111101
111101101111
111101111111
111101111111
001000010000
111111111111
110111111111
001000000000
011011001101
110100011010
101111110111
101111110111
111101111111
111111111111
011000101100
011110101100
100011111011
111111111111
110011010111
110011011111
011110100001
110001011110
110011111011
110011111011
111111111011
111101010101
111111111011
111111111011
111111111011
111111111011
110001010111
110001010111
110001010111
111101010111
001110101100
111101010111
111111111111
111111111111
110011111111
111101000011
110011111011
110011111111
111111111011
110011111011
111111111111
111111111111
001100010100
000100011100
111011111111
111111111111
111011111111
111111100011
111111111111
111111111111
000100011100
111111100011
111111100011
111111111111
111111100011
111011100011
111011100011
111111111111
111111111111
111111111111
111111100001
000100011110
000100011110
111111111111
111011111011
111111100101
111111100101
111111111111
001111110001
110100001110
001111110001
111111111111
110100001110
001111110001
111011111111
111011111111
001111110001
111011111111
111011111111
111111111111
001111110000
110000001111
001111110001
001111110001
111111111111
111111111110
001111110001
110000001111
111111111110
111111111110
001111110001
011111110011
011111110011
111011001111
110110111111
110110111111
111111010101
110110111111
110110111111
111011101110
111111111111
110110111111
111111111111
111111111111
110110111111
110110111111
111111111111
110110111111
110110111111
110110111111
111111111111
110110111111
001101010000
001000010000
111111101111
001000010000
111111111111
111010010111
111111111111
111111111111
110111101111
111010111111
001000010000
111110010111
111000010100
111111111111
111111111111
111000010100
000111101011
000111101011
111111111111
111000010100
110011001110
111001111100
111111101111
111001111100
111111101111
111001111100
111001111100
111001111100
111111111111
111111111111
111111101111
110110101111
110110101111
001101011001
101011110111
111111111111
101011110111
110010111100
001111001110
111101110011
001111101110
111101010011
111111111011
011110101110
111111110111
101101010111
111111111101
011110101100
110011111011
101101010101
011110101100
111111111011
010010101100
011010101110
011010101110
011010101000
100111111111
100111111101
011110101110
111111101111
001100111100
111111110111
001100111100
111111101111
011011101011
111011111011
100010111000
111101110111
100110111110
111011111001
100110011110
011111101111
111111101111
011111101111
111111011111
111011111001
100100110110
011101100111
111101110111
111111111011
111110111010
111100110010
111110111010
111100110010
111101110010
111101110110
111111111110
111111111110
111111111011
111111111011
011111111011
101010001101
111111111010
111011011110
111101110100
111111111011
111111111111
111011111111
111111111111
110111011110
111111011110
111101111101
001110111011
110111011110
111011000110
111011000110
111101011101
110111111111
111101011101
111101011101
110111111111
001010100010
001110011010
111101111101
110101111101
110101111101
110111111111
110101111101
101110011010
111111111111
110000100100
111111111111
001111011011
110011100111
100111100110
100100110100
100100111101
111111110110
011111010110
111111111111
111111111111
111111111111
101011111111
111111111111
011111111111
110100101001
111111111111
111111111111
011011110111
000100101001
111011110110
111111011111
111111111111
111111111110
111011010111
111111111110
111111111110
111111111111
111111111111
111111111110
000100101001
111011010111
111011010111
111111111110
111111111110
100100101001
111011010111
111111111111
111111111111
000100101001
111111011110
000100101001
111111011110
111111011110
111111111111
111011110111
100000100001
111111011110
100100101001
111111111110
100000100001
011111111111
011111011110
100000101001
100010100001
111111011110
111101111111
100010100000
011111111111
100010100001
111111111110
111111011111
000010100001
111111011111
111110111111
111110111111
111111011111
111110100100
111111100100
111111110100
111111111101
011100111110
100001001101
010010101110
111101111101
010111101110
111111111111
111111111111
101011111111
101011111111
111011111111
101101001111
111111111111
111011111111
111011111111
111011111111
111011111111
111011111111
111011111111
111011111111
111011111111
111011111111
111011111111
111111111111
111011111111
011110110000
011110110000
100101011111
100001011111
111111101111
100001011111
011110110000
111111101111
111111101111
111111101111
010100111000
111011001111
111011000111
110101001110
111110101010
011110001010
111110101010
111111111111
110011110101
111110101010
111111111111
111111111111
111111111111
111111011111
111111111111
110111011101
111011001010
110011001010
011110110101
011110110101
111111111111
111111111111
101001101010
101101111111
011010100000
110111011111
111011101010
111011101011
111011101010
111111111111
111111111010
000100010101
111111111010
111111111111
111111111010
111011101111
000000100000
110110100000
111011111111
110110100000
110010100000
111111111011
110010100000
110010100100
001101111011
111111011110
111111111111
110110100111
110110100111
111111111111
110010100111
110010100111
110110100111
110010100111
001101111001
110010100110
110010100110
110110100110
110010100110
110110100110
001101111001
111011011110
111111111111
010110100111
101101111001
101101111101
010010100111
111111111111
011110100111
100101111101
011110100111
100101111101
100101111101
111111011010
111111111111
111111011110
111011111111
011110100111
111011111110
111111101111
011010011010
011110001110
111111101011
100101110101
111011101011
011010001110
011010001110
001101111011
100110100101
011101011110
111011001010
011111111111
101101111101
111111111111
111111111111
111111111111
010010100110
101101011001
101101011001
111111111111
111111111111
011010100110
111111111111
011010100110
101101111001
100101011001
011010100110
111111111111
111010101000
100101010111
111010101000
100100010100
111011101011
111011101011
111111111111
111111111111
111011101011
111011101011
111111111111
111111011111
111111011111
011011000011
111111111111
000100101100
111111111111
000100101100
000100101100
111111111111
111011010011
111011010011
111011010011
111111111111
111111111111
010111111111
111011010011
101100101100
010111111111
101000000000
111011010011
111111111111
111101111111
111111111111
111101111111
111111111111
111101111111
111111111111
111101111111
111111111111
111101111111
111011001001
111101110111
111011101001
111111101111
011001101111
011011111111
111110111111
111111101111
111101101111
011011111111
111111111111
111111101111
011001101111
011001101111
111111101111
011001111111
111101111111
011011101111
111111111111
111111111111
010100011010
111111111111
001111101001
111111110111
111011111111
110100011110
001111111011
111111101101
111111111111
110110011110
000110001010
111011111111
111111110111
110110011110
111111101101
001101101001
111011110111
111111111111
100110011110
011101101001
000110010010
111011111111
111111110111
011111111011
111101101101
101110011110
110101101101
101010011110
011111111011
110101100101
111011111111
101110010110
001111010010
000111011010
111101101101
111111110111
000111011010
100111011110
111111111111
000110010010
111110110111
000110010010
000111011010
011110110011
011111111011
111110110111
000100010010
000101011010
110101010110
001111111011
011011111011
001011110011
001011110011
011011111011
001011110011
001011110011
111111110111
001011111011
001011111011
111111110111
000010101001
110110101101
000010101001
111111111111
001011111011
001111111011
110011111111
111101000110
111110111101
111111111111
110101000110
111001000100
111111111111
111101000110
110101000110
110111111111
110111111111
110101000110
001001010000
110111111111
001001000010
111110111111
111110111111
111111100110
111111100100
111111111111
110100111111
001011111011
001011010010
001011010010
001011010011
001011111111
111111010110
001011010110
001011111111
001110111111
001110010111
001110010111
111111010111
111111111110
001110010110
001110010110
001110111111
111011010111
110111101000
101111101010
111111110011
101001101110
000110110101
111011001111
000110110101
000110110101
111111111111
111011111011
111111111111
111111111111
111101001010
111111111111
011011111111
100100110101
111111001010
111111001010
111111111010
111111111111
011011111111
011011111111
011011111111
011011111111
111111001010
011011111111
111111111010
011011111111
101101111111
101101111111
100100110101
011011111111
011011111111
011011111111
111111111011
111111001011
100100011100
111111101111
011011100011
011011110011
011011100011
011011100111
100100011100
111111101111
011011110011
111111111111
100100001100
111111110111
111111111111
100100001100
011011111011
100111011110
111100100101
111100101101
111100101101
111100101111
100111011110
111100101111
100111011110
100111011110
011011111001
111111111111
101111111110
011000101001
011011111011
111111111101
111111111111
101111111110
101111111110
001111110100
110000001011
111111110111
101111111110
011111111101
100001111010
110001110011
010001111001
100001111010
101111111110
011111111101
110111111111
111110010111
111101111111
110111011110
111100110111
110111011110
101111101111
011011111001
111101111111
110111011110
111101111111
011100110101
111110110111
111101111111
110011011010
001110100101
101111101111
101110100111
101100100111
011111111101
101100100111
111111111111
101100100111
101100100111
101100100111
101100100111
110111111111
110011111011
111111111111
001111001100
110011111011
110011111011
111111011110
011100001110
100011111001
011110001111
111111111111
011110000111
011110001111
111111111111
100001111001
011110000111
111111111111
100111111000
100111111000
011100000111
111111111111
010011000100
011110110100
101101001011
001100000000
010110110100
011110110100
110111111000
011011101111
101100010111
011011101110
000000010000
101110010111
011110111110
011110111110
111111111110
100111011001
111011111110
011001001111
011001001110
100110110001
111111111111
111101101111
011101100110
111111100111
011101111110
111111111111
100110011001
111111111111
101111011101
011101110110
111111101111
100011011001
111110111111
011100100110
100011011001
011101100110
011101100110
111111111111
111111111111
100011011001
111110111111
101111100100
011110111111
101111100100
001110100100
001111100100
001110100100
111111111111
001111100100
111111111111
001111100101
101001100001
101001000101
101001000101
101001100101
101001000001
111111011001
010110111110
101111011111
010110110110
101111011111
111111111111
101111011111
111001101001
000110110110
111001101001
100110111110
111111111111
011111110111
111111111111
111111111111
111111111111
111111111111
111001101001
000110010110
100110011110
011101100001
111011111111
111111111001
111000101001
111011111001
101101110111
111011111001
111101111111
101111110111
101001110001
111001111001
101011110001
101011110001
101111110111
111001111001
101111111111
011111111111
000101101110
111010110001
100101101110
110101111110
111111101111
001111111111
001111011111
110101101100
111011111111
001011011111
111011111111
101111011111
111110010011
101011111111
101011111111
101011111111
111111111111
111101010011
010111101101
010110101101
111101010011
101011111110
111111111111
111101010011
101010111110
111111111111
010111100101
101011111110
101011111110
000011100100
111100011011
111111111101
010111101111
111111110111
000011101110
111111111111
000011101110
101011111110
111111111111
111110111111
111101110101
010111111111
111110111111
111111111111
111011111110
111010000010
111101111101
111111111111
111110110111
111110110111
111110110111
000101011110
000101011110
111011101001
111111111110
000101011110
111111111111
000101011111
100110111011
111111111110
100110111010
100110111010
100110111011
111111111110
111111111110
101110111111
101110111110
111111111111
111111000000
000111111111
111111111111
011010100100
011010100100
110111110100
110111110100
101111111111
101111111111
101110111111
101110001011
011111111111
000111110101
111111111110
111111111111
101000111110
101000111110
111111111100
000000110111
111111111111
111011111100
111111111100
111111111100
110100110111
001011111111
110100110111
110100000011
110100000011
001011111100
111111111111
111111001011
111111111110
111001111011
111111111111
001111101101
111001110011
111001110111
111111111101
111001100011
111111100111
111111100111
111111111111
111111111111
001111100111
111011111011
001111111110
101011011011
101011011010
101011011010
110100101101
001011010010
001011010010
101001011010
111111111101
101001011000
001001010000
111111011001
011101111111
001111111110
010101111110
111111111111
100011011111
111111111111
111111111111
011110101011
111111111111
111101110100
111111111111
100011011111
100011011111
011010011110
100101110111
011011011111
111111101011
111111111101
100101110101
111111111110
101101110111
111111101001
110110111110
011011111111
111111101101
101101000001
110110111110
111011111101
100110001110
110111011110
111111111111
110011011110
101110101101
101110101111
101110101101
011111111101
111111110111
001010011110
111111111111
001010111110
001010110110
111111011111
001010111100
110101100011
111111111111
101111110111
111111111111
110100101001
110100101001
110101111001
101110101111
101110101111
101110101111
010001010000
111111111111
111111111111
011111111111
110001010000
011111101111
111111101111
101110111111
101110111111
101010100110
110111011001
010100001010
111010111010
111001111101
111011111101
111101111111
111001111101
111111111111
111111100111
111111100111
111011111101
000110011010
000110011010
000110011010
111111100111
010100011010
111000011111
111111111010
000111100101
000111100101
110011100101
101100011111
011011110000
110111101111
011110110000
111111111111
101101001111
111111111101
011110110010
110011111111
110101111101
101011001011
101101001011
001010000010
011110110110
111011111111
111001111111
011000110110
111111111101
110111111101
010110111100
011110111111
111111111110
010100110110
101011001101
011110110110
111111111111
111111111111
010110110110
110111111111
010110110110
100001001111
111111111001
111111111111
111111111111
100001001111
111111111101
111111111111
111111111101
101001111101
101001111111
111111111111
111111101111
111111011111
111111111111
101101111111
110110111010
101100111010
100000111010
101010111010
011111110111
011111110111
100000111010
111111101111
111111101111
110110111011
110000101010
011111110111
111111111111
011111110110
110110111011
001111010101
101111011101
101111011101
011111110111
111111111111
111111111111
110111111111
110111111111
111011101110
111111111111
101111011101
011010101011
111101110110
111101110110
110111111111
101111011101
010010111011
110111100111
110101100111
011010111011
111111111111
011010011010
101111100111
100101100101
111111111111
111111111111
111111111111
111111111111
111111111111
101011100111
110111111101
110111111101
011110011010
110111110101
010110110000
010110110000
111001101110
111101101110
110100010100
111101101111
000010111010
111101001101
111111111111
000110111110
111011110111
111111111111
111011110111
111111111111
000111110110
111101001101
111111111111
111011110111
111111111111
000011110010
111111111111
111010110010
111111001111
111111001111
111101111111
000011111101
111101111111
000001110101
111101111110
111110001011
111111011100
001000100011
110111011111
101111111111
111111111111
101111001111
001111001111
101111001111
111111111111
100111001110
100111001110
011100111001
111011110111
100111001110
100101001000
101111001111
111101111001
110101111000
110111111110
111011110111
010110111110
110111111110
111101111001
111111111111
111101111000
011100111001
111101111001
110111111110
101011000111
011110111111
111111111111
111111111111
111111111111
111101111001
011110111111
101011000110
110111111111
101011000110
111111111111
111111111111
111110111111
101011000110
110110111111
110111111111
111111111111
101011000110
111110111111
111111111111
111111111111
111111111111
111101111001
101110001110
110111111111
011101111001
111011110111
011111111111
110011110111
111111111111
100111001110
111011110111
111110111111
011100111001
111111111111
101111001110
110111111111
110111111111
111011110111
110111111111
011110111111
111001110001
101111001110
111001110001
101110001110
111111111111
111011110111
100111001110
111111111111
011110111111
101111001110
011001110001
110111111111
111011110111
011100111001
111111111111
011111111111
111111111111
111001110001
101110001110
111001110001
010111111111
010111111111
111111111111
101110001110
111001110001
010111111111
010111111111
101001000000
111111111111
110110111111
110110111111
111110111111
111110111111
111111111111
111110111111
111110111111
111111111111
111110111111
111110111111
111110111111
111110111111
111110111111
111110111111
111110111111
111111111111
100001000000
111111111111
111111111111
111111111111
111111111111
111111111111
111110111111
010001110000
101110001111
110001110000
111111111111
101110001111
101100001101
010011110010
010011110010
101100001101
101100001101
101100001101
101100001101
001000011101
001000011101
110111100010
111111111111
110111111111
111100110001
011011001110
101101111001
111101111001
100011111111
011110000111
111101111000
101101111000
101101111000
111111111111
011110000111
111011111111
111111111111
101001111000
101001111000
110011011110
111111111111
111011011111
110011011110
111111111111
111011011111
111111111111
001110100111
111111111111
111111111111
101110110111
011111111111
111111101110
101110110111
011111111111
101110110111
110001011001
110001001000
111111101110
010001011001
110001011001
101110100110
011011011011
110101111101
100101111101
011111111111
111110111111
110101111101
101111111111
110101111101
111011011011
001011011011
001111111011
111111111011
001111111011
111110100110
001111111011
001111111011
110001011101
101111111111
110001011101
011111111010
010111100010
111001011101
111111111111
111001011101
010111100111
101111111111
010111100111
010111100111
111111111111
111111111010
111111111010
000111100101
111111111111
111101111111
111010011110
111111111011
111111111111
111010011111
100111100001
100111100101
111010011111
111101111111
111111111011
100111100101
111111111011
111010011111
111111111111
111011011111
111110111011
100011000101
011101111110
111111111111
110111111101
101111100111
101011000111
110111111001
011101111110
101011000111
111111111011
110111111101
011101111110
001010000111
110111111101
111101111111
111111111110
011010011111
000010001011
111111111101
000010001011
000010001011
000010001011
000010001011
000010001011
111111111110
110111111011
111101110111
001010001111
001010001111
111111111101
000010001011
110111111011
110111111010
111111111111
111101110101
001010001111
111111111111
111111111111
111111111110
001010001111
111111111110
111111111110
111101110101
111101110101
001010001111
001010001111
000010001011
111101110101
111111111111
110101110001
110101110001
001010001111
110111111011
001010001111
111111111111
111101110101
111111111111
111111111110
001010001111
110111111011
111111110101
111011010101
111111111111
111011010101
100101101111
111111111111
111011111101
111111110111
000101101111
111011111101
111110111111
111011110101
000101001010
111101011010
111011111111
111110111111
000110100101
001111101111
001010101111
111011111111
111111111111
111111111111
110111110101
001111101111
111101011010
001101001010
111011111111
111111111111
001111101111
111110111111
011101011010
000111100101
111111111111
111101011011
111010111111
111111111111
010101100100
010111100101
111111111111
011110101111
110101110001
110101110000
011010101111
111011111111
101111011111
011010101111
011010101111
101111011110
111111111110
111111111110
001110011111
101110011110
101110011111
111111111111
101110011110
101110011110
010001110101
010010010101
100000110101
100010110101
111111101011
111111111111
111111101011
101011111110
111111101111
001111111111
111111111111
110001010100
001111001111
011111111111
111111110110
110000110000
111111111111
110000011101
110000110100
111111111011
111111111111
110000010100
110000110100
111111011111
111111111011
110000110100
001111001111
111111111011
001111001111
111111111111
111111110010
111111111111
111111111011
000000001101
110011111101
111111101111
111111111110
110011111111
110011101111
011101111100
111111001111
101110010011
110011101111
011101110100
111111001111
111111101111
110011011111
100011001111
110011001111
111110110011
110011001111
011111011110
010011001110
101111111111
111110111011
011111011110
101101110101
000011001110
101110110111
111101111101
111100110101
111100110101
101111011011
101101011001
010001101100
111111110011
010001101100
010011101110
010001101000
010001101100
100010011111
011101110100
011101110100
111110111111
110011101111
011101111100
011101111100
100011101111
100011101011
000110110011
111001101101
111001101101
111111111111
101111111110
111001101101
010110110011
111001001101
010110110011
110111111011
111001101101
111001111111
111111111111
111001101101
111111011111
111111010111
111111011111
111111011111
111101111111
111111010111
000111101100
111101010111
111010111011
111101110111
010111111111
111000111011
011010011011
011010011011
101111101100
111011011111
111101011111
001110010110
100110110110
011111111111
010010111111
101111000000
101111100100
111011111111
001111100100
000010100100
111111111111
001111100100
111101011011
110010111111
111111111111
110010111111
111101011011
110010111111
111101011011
101111101100
001111100100
111111111111
110010111111
111111111111
001111100100
110010111111
111111111111
110010111111
111101011011
001111100100
111101011011
111101111011
001111100100
110010111111
110110111111
110010111111
111111111011
001111100000
111111111011
001111100000
111101011111
110110111111
001111100100
110010111011
110010111011
110010111111
001111101100
110010111011
111011111111
110110111011
111111111011
111101011111
111001011111
111101011111
110110111011
001111101101
110110111011
100110110010
110011111111
110011111111
111111111011
111111111111
111100011111
110111111111
110011111011
110011111111
110111111111
111011111111
110011111011
110111111111
110111111111
110111111111
110011111111
110111111111
111011111111
111111111011
110111111111
111100011110
110111111111
110011101101
111111101101
001111110011
110011101101
110011111111
110111111111
111111101101
010011101101
010011101101
011111101101
000011111011
000011111011
111111111111
111100011110
111111111111
111111110111
101111100001
111111100101
101111100001
111111110111
111111111111
111100011110
111111111111
111111101111
101111101001
101111101001
111111111111
101110101001
111101011110
111111111111
101111111001
101111111001
010011110111
101110101001
101110101001
101110101001
111110101111
101110101001
010011110111
101110101001
001100101000
001100101000
001100101000
101100101000
111101101110
011111111111
011100101110
111100101110
111100101110
111101100110
111111111111
011100100110
011100100110
111100100110
111100100110
111100100110
101111011001
110011111111
011111111111
111111111111
011111111111
011111111111
111011101000
111111111111
000111011111
111111100101
111011111010
111100111111
111010100000
111010100000
111010111010
111011111111
111111100101
000111011011
111001111110
111110100101
111111111111
111011111111
111111011111
111111111111
111111011111
000000111010
111111111111
111111011111
111111110111
111111011111
111111010111
111110111110
000001101001
111111011100
111111111111
111111111111
000001111011
000001111011
111110111110
111111111111
111111000101
111011111111
111111110111
111111001101
111111111111
011000111110
100111111011
011000111110
100111110011
011000111110
111111011111
000001111011
000001111011
111110001100
111110011110
011110001111
010111100001
111000011111
101111101110
010111110001
111111111110
011111111111
101111111111
110111110111
110111110111
101111111001
100111110001
111111101110
100111110111
100101010001
111101011001
110111110111
101111111111
011000011001
111111101111
101110110110
111110101111
111110111111
010111011001
111011101111
111111111111
010110010001
111110110111
111110110111
111110110111
010101010001
111100010111
111101010111
101011101110
111110111111
111111111111
111101010111
110111111001
111101010111
110111111001
111010101111
111111111110
110010101001
110100010110
110100010110
111111111111
011111101001
111111111111
111111111110
100011110111
011110101001
011110101001
100011110111
011110101001
111101011110
100011110111
111101011110
100011110111
011110101001
100011110111
111101011110
111111111111
111111101111
101111111011
111110101011
111110101101
111111111011
111110101101
111110101001
111111001011
000001110110
111100111101
101100011001
010011010111
101100111000
101100011000
101100111011
101100011000
101100011000
101100011000
111111111111
111111011111
111111111011
111111011011
111111111111
111111111111
111111111011
111111011111
101110111111
011101101000
001100001001
001110011110
111111111110
101100101000
101110111111
111101101001
111101101000
111111111111
011111011111
011111011111
011111011110
111111111110
111011110111
100110111111
111101101000
111111111101
111111111101
111111111101
111111111111
000110011100
111111111111
111011100111
111111111101
111111111101
111011100110
111111111101
111011100110
111111111101
000100011011
111111111111
111111111101
111011100110
111011100110
111111111111
111011100110
111111111101
111111111111
111111111111
100100111011
111111111101
111111111101
100100111011
111111111111
111111111111
011111011111
011111011111
011111011101
011111011111
011110000110
111110100110
011110000110
111110100110
111110100110
111110100110
001001111011
001001111111
111110100110
111110000110
001001111011
110110000110
110111111111
010101110001
101010001110
101011011101
101011101110
101011101110
111111101110
101011111111
111111111111
111111101110
111111011111
111111001110
101011001100
111111111111
101011111101
010100110011
111111111111
101011111101
111111011111
111111111111
101011011101
101111111111
101111111111
111111101110
010100110011
111111111111
111011011101
101011011101
111111101110
101111111111
111111111111
000100110011
111111111111
111011111101
111111011111
111111111111
011011001100
011011101100
111111111111
011111101110
111111011111
110110111101
111111011111
111111011111
111111011111
111101110011
101011111111
101011111100
010110101111
111111111111
101011111110
010100101011
111111010111
101011111110
011101101011
101011111111
101011111111
100000111011
111111010101
011111011101
111111110111
011111001100
011111010101
111111101110
011111111111
100000111011
111111111111
111111101110
011111010101
110110111111
111111110111
101001111011
111111110111
011111111111
011111110111
101001111001
011111000110
101001101000
110110111111
111111111111
101001101000
110110110111
101001101000
011111011111
101001110001
110110110111
111111101110
011111101110
011111111111
101001111001
011111101110
011111001110
111111111111
011111011111
011111011111
001001011001
011111111111
011111011111
111111111101
111111011111
110110111111
111111111101
110110011101
110110111101
001101010011
001101110011
111111111101
001101110011
111111011111
110110101110
011111010011
011001010001
111011111101
111101110110
001110111001
111111111111
111111110111
111110000010
000001110101
111111111111
000001110101
000001110101
111111111111
111111111111
111111111111
000001110101
111110001010
110110001010
111111111111
110111111111
111110001010
111111111111
111110001010
001001110101
111110001010
111110001010
111110001010
110111111111
110111111111
111111111111
110110110011
111111001110
111111111111
111111000010
110111111111
001000111101
111111111111
110111111111
110111111111
110111111110
111111111111
111111111110
011110111111
011110111111
011110111111
111111111111
111111111111
111111111111
110111111111
111111111111
111111111111
111111111111
101101011001
111111111111
111111111111
010110111110
111011110111
101101001001
101101001001
111111111111
111011110111
111111111111
111111111111
111111111111
111111111111
000101001001
111011111110
111111111110
111110110111
111110111111
111111101011
011111101001
111111101011
111111101011
111111101001
111111111111
111111111111
111111101001
100101010111
111111101001
111111101001
111111101011
111111111101
111111111111
111111111011
110111111111
111110111111
110100011000
111111111011
110101011000
111111111111
111110111111
111111111011
001011100111
110101011101
111110111011
110100011001
110101011101
110100011001
110111011101
110111111101
110111111101
111101111110
111111111111
111111111111
111111111111
111111111111
111111111111
111011110011
111111111111
111111111111
111111111111
111111111011
111011110011
110111111101
001010000111
100111110010
110011111111
101001000011
011111111111
101001001011
111111111111
101001001011
110110110100
101001001011
101101001111
011010110001
011010110001
000010110001
011010110001
110111111110
011010110001
101101001111
111111111110
111111111111
110111111111
111111111111
110111101100
111111111111
001000010011
110111101100
111111111111
111111111111
110111101100
001000010011
110111101100
110111101100
110111101100
110111101100
100000001100
110111101100
110111101100
111111111111
111111111111
001000001111
110111110000
110111110000
110111110000
111000110000
011100110000
011100110100
010001110101
111111110111
010001110101
111111111111
011111101101
111111111111
010011101101
101100011011
011111100100
011111101100
111111110111
110011110111
111111110111
010011100111
111111110111
010011101111
110011111110
010011100111
111111111110
111111101111
111111101111
111111111111
101111111111
011101011001
111111111111
101111111111
111111111111
111111111110
111111111110
101111111110
010000011001
111111100110
101111111111
101111111111
111111100111
111101000110
111101011111
010010111011
101111100110
101111100101
111101011000
010010111101
111101011011
101111100110
010010111101
010010111111
111111111110
010010111110
111101011111
010010111111
101111100011
111101011101
010000011101
010010111111
010010111111
111111111110
111111111011
111111111110
101111100111
111101011101
010010111111
101101000101
111101011011
111101011011
111111111111
010010110010
101101001111
001110101110
111111110101
001100101110
111111111011
110011111111
110001111111
001110100100
111111011011
110011011011
001110101110
111101111111
001110100100
111101111111
111101011011
001110101110
111111011011
000010101110
111111110101
001100101110
111111011111
101101101101
110011110111
101101101101
011110111110
010000001011
010000111111
010000001011
111111001011
010000001011
010000001011
111111001011
111111111111
111111111100
111111111000
011110111111
111111111111
110001001111
011110111111
101111110111
011110111111
110001001000
101111110111
111111111111
110001001111
110111111111
110111111111
110111111111
111111111111
011110111111
110011011111
110111111111
111111101110
110111101110
111111111110
111111111110
011111101110
110111111111
010111101110
111111111111
011111101111
011111101111
011111101110
111111111111
001100101100
111111110011
111111111111
111111111111
111111111111
110011010011
101100111101
111111111111
011111101110
111111111111
110011010011
111111101110
111111101101
010010011010
111111111101
111111101101
010010011010
010010011010
111111101111
111111101111
111111101101
111111111111
111111101111
101101100011
010111011111
101101110011
010111011101
010111011101
101111110111
111010111100
111010111110
111111111111
111010111111
111010111100
101111110111
111101101101
010101001001
010111011011
111101101101
101101100001
111101101111
101010111110
111010111110
111101101111
101000101100
010111011111
101000101100
011111110111
011111110011
111010101110
000101011011
111111110111
111111110001
111111111111
111111110011
111111111111
000101011011
010101011111
111111111111
101111110101
111111111101
101111110001
010101011111
010101011101
111111111111
010101011101
101111110011
111010101110
111111111111
111010101110
010010011110
111010111110
111101101111
101101100011
111111111111
101101100011
010010011110
101101100011
101101110011
101101110001
101101110001
111010110001
001101111111
111010111111
111111111111
111010111101
111010111111
111010111111
110010110111
110010110101
110010110101
111111111111
111010111101
111111111111
111010111111
111111111111
111111111101
111111111100
100010111111
111111111101
101010111111
101010111111
111111111111
111111111110
111111111111
101010111111
011111001001
101010111111
110101110110
011111001001
111111111111
111111111111
111010111111
101010111111
111010111111
111111111111
101010111111
011111111111
111010111111
111111111111
111111111111
011010111111
111111111111
111010111111
011111111111
011111111111
011010111111
111010111111
111010111111
111010111111
111111111111
111010111111
111111111111
011010111111
111111111111
111010111111
011010111111
111111111111
011101110111
100010101111
100101101111
111111011000
100101101111
011111110111
111010111111
111010111111
111111011110
111010111111
100101101111
100000101111
111111011000
011111110111
011111110111
111111111111
011111110111
111010011100
111010011100
111111111111
110010001100
001101110011
111111111111
001111010011
110000101100
111111111111
101111111111
101111111111
101111111111
111111111111
010000100100
101111111111
101111111111
111111011011
101111111111
111111111111
111111111111
101111111111
111111111111
111111111111
111111111111
101111111111
111111111111
101111111111
101111111111
101111111111
111111111111
101111111111
111111111111
101111111111
010000000000
101111111111
101010011111
111010001110
101011111111
101011111111
111011111111
111111111111
101111111111
111100001111
111100001110
101111111111
110111111100
110111111111
110111111110
001001110111
111111111111
110110011000
001001110101
111111101111
111111101111
001001010001
111111111111
111110101111
111111111111
111111111111
001001010001
001001010001
110111111111
111110101110
111111101111
010111101110
001001010000
111111101111
111110111111
111110111111
011110111110
011111111110
111111111011
100001000001
100001000001
111110111111
000001000000
110111101111
000001000000
001001010000
000001010000
000001010000
111111111111
111111101111
111110101111
000001010000
101001010001
111110101111
110111111111
111111111111
010111101110
000001000000
011111111110
101001010001
111111111111
011111111110
110111101111
110111101111
101000010001
100000000001
101110101111
001111111110
111111110111
111111111111
111111110111
111111111111
111111111111
111111110111
111111111111
111111111111
111111110111
111111110111
111111110111
111111111111
111111111111
111111110111
111111110111
111111110111
111111111111
111111111111
111111110111
111111110111
111111110111
111111110111
111111111111
111111110111
111111111111
111111111111
111111111111
111111111111
111111110111
111111110111
111111111111
010111110101
010111110101
010111110101
010111111101
000111110101
101111110111
010111111101
010111111101
111111110011
111100001110
000001110101
000011110101
111001111111
111111111101
111110001110
111001111001
111110101111
111011111001
111110101111
000101011110
111110101111
111000101111
000101011101
111111111111
000110001100
111111110111
111011111011
111111111111
101111111111
101111111111
111111110111
101111111111
101111111111
111111110111
111101111010
111111110111
111111111111
111101111010
111111111111
101111111111
010001111000
111111110111
010011111101
111110000111
010000001000
111111111111
111111111111
111111111111
010010001101
111110001111
111111111010
111111111111
111111111101
010010011110
110011011110
001100100011
101100000100
111111101011
111111101011
011110001100
110011101111
110011101111
110011101111
101100010000
111111101111
001100010000
110011111111
111111111101
111111101101
111111101101
110011111101
111111101111
001100110000
111011111111
110111101111
110011001111
011010111010
111011111111
111111011111
110111111111
111111001111
101101110101
011110111010
111011111111
101101110101
100001010101
110011101111
101101110101
101001010101
111111111111
101001010101
101001010101
101001010101
101101110101
100001110101
111111111111
011111111111
111110011010
100101110101
111111101111
111111101111
111111111111
111111101111
000101110101
111111111111
000101000101
000101000101
000101000101
000101000101
001011101001
111111111111
001011101001
110111111111
111110011110
110111111111
001011101001
111100010110
100111111101
111011101111
010111111011
111101111111
111011101111
111011100111
111111111111
111111111111
101111111101
111111010111
111101111111
111111111111
111101111111
111101111111
111011101111
111101111111
111011101111
111111111111
101101111101
111111111111
011010000010
111111111111
111111111111
111101111111
101111010100
111111111111
111111111111
111110111111
101111010100
111111111111
111001101111
010111111011
101110010100
111001001111
010111111011
010101011011
101111110100
111111110111
101011101100
111101011111
111101011111
010110110011
101011101100
000110110001
111101011111
111101011111
111111111111
111111111111
111001001110
111111111111
101101101101
101101101101
111010011011
101000001001
111010011011
111010011011
101000001001
101000001001
101000001001
101000001001
100010001001
011101110110
011100110110
101111001101
110011111011
110011111011
110111001001
101110111110
110111001001
110111111011
111111111111
111111001101
111111111111
111111111111
111111001101
011101111111
101010110110
101010110110
011101111111
110001001001
111111111010
011100011111
011101111111
111110011111
111110011011
111110011111
111110011111
111110011111
111111111011
111110010010
111011111110
001110110011
001110110011
001110110011
111011111111
000100000000
111011111111
000100000000
000100000000
111111111111
000100000000
111011111111
011111111011
111110111110
111010111110
111110111111
111010111110
000101000001
111010111110
000101000001
111010111110
001001010001
000100000101
001101010101
110111101010
111110111111
110111101010
111110111111
111111111010
001001010101
111111111111
111111111111
111111111110
000001000001
111111111110
111111111111
111111111111
111111111010
111111111010
111111111010
111111111010
111101111111
111110111111
111111111010
111110111111
000001000101
000000000101
111111111111
111111111010
111101111010
101010111111
101010111111
111111010011
010101111000
010110111101
010111111101
111111111111
010101111000
111111111111
010100111000
010100111000
010110101111
010111100101
101010101111
010111110101
010111110101
110101011000
110111011001
110101110000
110101011100
111110000010
001001111111
110111110000
110101111001
110111111101
111110000010
110111111101
001101111111
001111110110
111101111011
111111110110
111111111101
111111111111
111111110010
111111111111
111111110010
111111111111
111111110010
111111110010
111111111111
111111111111
111111111111
111111111111
111111110010
111111111111
111111010010
111111111111
111111010110
111111111111
111111010111
111111010111
111111010111
111111111111
110101111111
111110011111
000001111011
000001111011
000001111011
001011111011
111111111111
110101111011
111110111111
110100111011
111110111111
111111111111
111110111111
111110111111
110101111011
110101111011
111111111111
110101111011
110101111011
111111111111
110101111011
111110011111
111110011111
111111011111
111111011111
111110011111
110100011010
111111111111
111110101000
111111111111
111110101000
000011010111
111101111111
111100111111
010011111111
010011010111
100111101000
111100010111
111100111111
011011111111
111111111111
111111111111
111111111111
111110111111
111111111111
111111111111
010001110010
111111111111
111111111111
110110111111
111111101101
111111101101
111111111111
111111001001
111111101101
111111110111
111111000001
011100111110
111111110111
111111101101
100011101101
100011101101
011101011010
011000011010
011001011110
011001011110
100110100001
111111011111
111111101001
011000111110
100011011000
011100101111
100011011000
111111111111
111111110001
111111111001
111111111111
111111111111
111111111001
111111111110
010010110101
110110110001
111111111111
111111111111
111111111111
111111111111
011010110111
011011110111
111110111111
011011110111
101101011011
111111111111
100001011011
111111111111
100001011011
110011111111
011111100100
100001011011
011111100100
111110111111
100001011011
110011111111
100001011011
111111111100
110011111100
111100011011
111111111111
110011111100
111111111111
101111111111
001111100111
110011111100
001111100111
111111111111
110011111000
110011111000
110011111000
101111111111
101111111111
011001110111
101111010111
011100101110
101111010101
001101010101
111111101110
011101111111
110010111011
011110101110
101111011101
111111111111
111111111111
101111011101
111011111111
001110010001
001110010001
001011110101
111110011011
001111110101
001011110101
111011111111
001111111101
111111111111
101111111101
111011111110
010100110101
101111001011
111010111110
111010111110
111111111111
111010111110
111111111110
011111010101
111111111111
011111010101
011111010101
111110111111
111111111110
110001001001
011000010001
001110110111
111111111111
110111101111
111111111111
001010110111
111101011000
111111111110
111111111111
000010100110
111111111111
110111101110
111101011001
111111101110
101111110111
111101011001
111111101110
000010110111
111101011001
111101011001
111111111111
111101011001
110111111111
110101011001
111111100110
101111111111
111111111111
111111111101
110111111001
111000000110
011111111100
100111100011
111000011111
101111100111
111000111110
010111111001
111001100111
110111011001
001011100110
111110111111
111111101111
001101000111
110110111011
110011110001
110111111011
111011100100
111001100101
110101111011
111011100100
110101111011
001110011100
011111111111
110111011010
011111100101
110110011010
101100111111
101100111111
110110011010
111110111111
101101111111
101101111111
010011100101
101100101111
011011110101
010111011010
011111011010
111111111111
110111011010
111111101111
111111001010
111111111111
011111100111
111111111111
011111101111
111111111111
111111111111
111111101111
110010010000
111111111111
100000010000
111111111111
111111111111
111111111111
111111111111
111111111111
111111111111
111111111111
111111111111
111111111111
111111111111
110111011111
110111011111
101000101000
101000101000
111110111011
111111011111
011101101111
111110111111
111111110111
001001011110
001000011110
110111101001
001001011110
110111100001
001001011110
111110111111
111111111111
111110111111
110110001001
110111001001
110111001001
110110011001
001100001111
110111111001
111111110110
100010111011
110110110010
101011111111
011101001101
011101001101
101111111111
110110111011
011001001101
101111111111
001001001101
100110111011
000110111011
000110111011
101111011101
010110111011
010111011001
010111011000
111111111111
010111011001
010111011000
111101111111
111111111111
010111011000
101001101111
111111111111
111110110110
010111011001
010111011001
010111011001
010111011001
010111011001
010111011001
010101011001
011010110110
011010110110
110101011001
110101011101
010101011001
010001111010
001110101110
111111111111
110001111011
001110000100
110001011000
110000111011
110000111011
001111100110
111110111111
111111111111
000111100110
111011111111
111000111011
111011111111
111100111011
111011111110
000111100111
111000011001
111111111111
000111100111
111000011001
111011101110
000100111111
111111010001
111011101110
000110111111
000100111111
111100111111
110101111111
001010101000
111111111111
111101111111
111101010111
001010101111
110101111100
111111111111
111111111110
111111111011
111111111110
111111111111
100111111101
111000000011
011111111110
111000001111
111111111111
100000011101
011111101111
111111111110
111111111111
011111100011
111111111111
111111111111
111111111110
100000011101
011111101111
011111101111
111111101011
111111111111
011101011111
111111111111
111010111001
011101001111
111111111111
111111111111
111111111110
111111111111
011101001111
101010110000
011101111111
011101011111
011101001111
111111111111
111111011111
011101001111
011101011111
111111011111
111111011111
011011111111
011011011111
111111101111
111111101111
111111111101
110100110010
001011001111
110100110010
001011001111
111110111010
000001000111
111110111010
111111111101
111111111101
110111011111
001001101111
111111110010
111110111111
111111110010
111111110010
111110110111
111111111111
101010111110
010101100001
100010111110
011101100001
111111011111
111111011111
101111111111
111111011111
110111111111
111111011111
111111111111
110101100111
111111111111
111010010110
000111111101
000111111101
111111111101
011000010101
011000010101
011000010101
111011011111
100111100010
011001111101
011001111101
011001111101
111011111111
001001111101
011100011101
101111111111
110111100010
001001011101
001001011101
011101111101
011101111101
110011000010
111111100011
111101110111
110101110110
011011001001
110101110110
101110111111
110101110110
111101110111
011011001001
011011001001
011011001001
111101110111
110101110110
011011001001
001101100011
110011111100
110011111100
110111111100
101101010011
101111110111
001101000011
011101001011
111010111111
111010111111
111111111111
100101010100
011010101011
111010111111
111010111111
101101010111
111010111111
111010111011
011111101111
111111111111
111010111111
101101010011
110010111100
010111101100
011111101101
100101010010
100101010010
011111101111
111111111111
101010111111
111111111111
011111101001
111111111011
011111101001
011111101001
011111101001
011111101101
011011101001
011111101001
111000010010
111000010000
111000010110
101111111101
111000010010
111111111111
111111111011
111111111011
111000010110
010111111001
111111111111
111000010110
011111111011
011111111011
111000010110
111000010110
111111111111
111000010110
100111101101
010111101001
111011111111
010111101011
011111101011
111101010100
111101010100
111101010100
010110101011
111011111111
101011111111
111101010110
110011111101
111111011011
001110101111
011110101111
111011111101
111111010010
111111010010
111111010110
101001010100
101001010100
101011111101
111111111011
101001111100
100110101000
011110111111
111111111111
111111111111
110111111110
110111111111
101110000000
110111111111
111111111111
111111111111
111111111111
111111111111
101111101010
111010111111
111010111111
111110111111
111111111111
111010111111
011000111111
100111000000
100110000000
111011111111
111011111111
011101111111
111011111111
100111000000
100110110001
111010111111
111010111111
111111111111
011101111111
110111000010
110111000010
101010111101
011101111111
000101000000
100000111101
100000111101
111111111111
111111111111
111111111111
111111111111
100000111101
101000111101
101000111101
111111111111
101000111101
111111111111
110111011111
110111011111
101111111101
101000110101
101000110101
011111101011
101000110101
110111011110
101000110101
011111101011
111111101011
101111111101
110111011111
101000110101
111000110101
011111101011
100111011110
100111011110
111111010101
011110111111
111111010101
101111111111
111111011111
111111010101
111111010101
111001101001
111111011111
111111011110
111111001111
111001101001
000110110111
111111011110
111111011111
111111011111
111111111111
111001101001
101111111111
001110010111
111001101001
000110110110
111001101001
011110110111
111111011111
111111111111
101111011111
101111011111
111111111111
011110110111
011110010110
111111111110
011110010010
111111101111
011111111011
100111111101
100111111101
100111111101
100111111101
100111111101
100111111101
100111111101
100111101101
100111101101
111111101111
100111101101
111001111111
111001111111
111001111111
011110000010
111001111111
111001111111
011111111011
111111101111
111111101111
111110010110
111001111111
100001111101
111111111111
011110010010
111111101111
111111111111
111111111111
011110010010
111011111111
111110010110
011111111001
011111111001
100111101111
111101111111
011111111001
100010000110
111010010110
111010010110
001111101001
111010010110
101010000110
111111111111
101111101111
110101111111
011111111001
101010000110
101010000110
110101111111
011111111001
101010000110
111111111111
010110111011
101011000100
101011000100
111111111111
111101111111
010110111011
111111111111
111011010100
111101111111
101011000100
010110111011
010110111011
111111111111
010110111011
111111111111
111111111111
111001010000
010110111111
010110111111
111111111111
010110111111
010110111111
010110111111
111111111111
111111111111
111011010000
111111111111
111111111111
111101111111
010110111111
111001010000
111001010000
111111111111
010110111111
010110111111
111011010000
010110111111
111111111111
111111111111
010110111111
101101101111
111111111111
111111111111
111011010000
111111111111
101101101111
101101101111
111111111111
010110111111
010110111111
101101101111
010110111111
010110111111
110110111111
111011010000
111111111111
000101100110
111111111111
000101100110
000101100110
011111110110
111110111111
111111111111
111100111111
001111100110
111111111111
111011011001
101100111111
101100111111
111011111111
101100111111
111111111111
000111100110
111000011101
111000011101
111000011101
111000011001
111111111011
111111111111
111111111111
000111100110
111100111011
111100111011
111100111011
111100111011
111011011101
111100111111
111011011101
111111111111
111111111011
111011011101
111100111111
111000011101
000111100111
000101100111
111011011101
000111100111
111011011101
111011011101
111100111010
111111111010
111111111111
111100111010
000111100111
111011011101
111111111010
111111111010
111001101011
001011111101
110111111111
101011011100
111011111110
101011011100
101011011100
011111101010
111110110111
101011001101
010110110010
010111111010
010101111010
101001011101
101010010101
111111101111
111111111010
101011011000
111111111111
111101101111
111110010101
111111111111
010101101010
111110010101
111101101111
111101111111
111111111010
111101111010
101010111101
010101101010
010111101111
111101111010
111101101010
010111000111
111101101010
111110001101
111111111111
111111111111
111011101111
100010101100
100010101100
111011111101
111111111111
111111111111
111111111111
011001011100
011011111101
111111111111
111101011110
011011111101
111101011110
011011111101
011001011100
111111111111
011011010100
011011101011
111101111011
111111111111
111111111111
100110100111
111101111011
111101111011
111101111011
011000011000
011000011100
111111111011
100111100111
111111111111
011010111100
111111111011
100111100111
100111100111
100111100111
011111111111
110101110011
011111111111
011111111111
111111111111
011111111111
101010001000
101110001000
111011101101
111111001111
000100000001
111011111111
111111111110
111111001111
000100110011
011111011100
011111011100
100100100011
111111111111
111111011111
100100100011
011011011100
111111111111
111111111111
100100100011
011011011100
100100100011
111011011100
111111111111
111111111111
111111111111
011111111100
100100100011
100100100011
100100100011
111111111111
011011011100
100000101011
111111110101
111111111111
011111111110
011111111110
100000001011
111111111111
011111111110
011111111110
111111111111
011111111110
111111111111
111111011111
100000111001
100100011011
100100011011
100100011011
011111111110
100000101011
111111110101
100000101011
111111111110
100000101011
100010101011
100111111011
111111011111
011010101110
001010100000
011010101110
011010101110
111111011111
011010101110
011010001110
100101110011
000010000010
010010111011
010010101001
101101010110
000010110011
000010110011
111111101101
111101111111
101010011110
011101111101
101111111110
111111111111
101111111110
101111111110
111000001111
101111111110
011111111101
111111111111
111101111111
101010100010
111010100011
011111111111
110111011111
101111111100
111111111111
000111011110
101111111100
010110000001
100111111110
101101111110
101100110110
111110110111
111101111111
000011001000
111110110111
111101111111
111101111111
110101000011
111111111111
101100111110
011011111101
111111111101
011011111111
101100111110
011011111101
011111111101
011111111101
111111111101
111111111101
111111111101
110101000111
101110111000
111111111111
010001100111
111011111111
101110011000
011011011111
101000111110
111111110111
111111111111
111000001111
111111110101
111111110101
111111111111
111111110101
101111001100
101111101110
111110110111
101110110100
010001011011
101110110110
111101111111
111111111101
000010000010
101110110110
110011001011
100010000010
100010000010
100010000010
011101111111
011111101111
111101111111
101110110110
100010010110
101110110100
011111101111
111101111111
111101111111
101110110110
000110100110
101110110110
111011011111
111101111111
010101101111
111011011101
010011001101
111111111011
101100110110
111101111101
111110111111
101001110000
010111001111
111111111011
100010110001
011111001110
011101101011
111111111111
111111110101
111111111111
100010011110
111010111111
111111111111
111111110101
111111110101
111111111111
111111110101
011101101011
111010111111
111111111111
111010111111
111111110101
111111110101
100111011110
111010110101
011101101011
111110111111
111010111111
011101000001
111110111111
111111111111
111011111111
100111111110
011101000001
100110111110
011101000001
100111111110
111111110101
111110111111
111111111111
011101001011
100111111110
100011111110
111110111111
111010111111
100111111110
100111111110
111011111111
011101000001
111110111111
111011110101
111011111111
100111111110
111110111111
111110111111
100111111110
111011111111
111010111111
011001000001
111111111111
011101000001
111110111111
111111110001
111011111110
100111011111
100111011111
111110111111
011110101111
111111111101
000100101111
000100001111
111111110001
111111110001
111110111111
011100101111
011100100001
011101101111
111011111110
111111111111
100111111111
011101000001
111110111111
100111111111
011101101111
100111111111
000100101111
111111111111
010110111100
111101000011
101011111111
111101000011
101001101111
111111010011
111111111111
110111110111
111110011001
101101110111
111101111111
000111100110
111010011001
101111110111
111010011001
011010011001
101111110111
101111110111
101111110111
110101101110
011010011001
101111110111
110111101110
111111111111
111101111111
101111110111
011000011001
011000011001
011000011001
111111111111
111111111111
011010011001
101111110111
111101111111
101111110111
101101110111
001110110001
110001000110
111101101110
010111110101
111101101110
010101100100
101111111111
010111111101
101111111011
111111111111
111001101110
110111010001
111101101110
011110110101
100011011011
100011011011
011110110101
111101101110
100011001110
100011001110
111111111110
001010000111
101011000110
111111010110
111111111001
100111101001
111110111111
111111111111
111001010111
111111111110
111111111110
111011111110
011111010010
111111111111
011101010100
111110111111
111111111111
111110111111
011101011101
111110111111
011101010100
111110111011
011110111111
111111111011
111111111111
111111110111
111101111101
111101111101
110110110111
110110110111
111101111101
110110110111
001011011110
010010010111
010011011111
101111101011
111100110100
010001011100
111110110111
111101111000
111110110111
111100110000
111101111100
111110100111
111111101111
110011011111
101110110101
110011001010
101111111111
110011011010
111110110101
111101101101
111110110111
110011011010
001111111111
111101101111
001111111111
111110110111
111111011111
101101011111
011110110101
111111111111
011110110101
110011101010
110011101010
111111111111
011110110101
101101011111
100001001010
111111111111
110011101010
001101011101
111010101111
011111111101
100101011010
111010100111
111010100111
111010101111
111010100111
011111111101
111010101111
111010101111
111011111111
111110101111
111111111101
111110101111
111111111111
000101010010
111011111111
001111010111
001110000111
111111111111
011011100000
100100011111
011011100000
111111111111
100100001110
111001110001
111011011111
101011011111
101111111111
011011011111
000101010011
111111111111
111111011111
000101110011
100111010011
000101010011
111110111100
011001101111
111111111111
101110010000
110011101111
111111111101
011011101101
111111111101
111101110011
111101110011
001011100111
111110011110
110101111101
111111111111
010111011101
101111110111
111110111111
010101011011
010101011011
111110111111
010110011111
111101111011
010110011111
111110111111
111111111011
110010100100
001111011011
001111011011
101111010111
111111111111
111110111110
111110111110
111111111111
101010111110
110111110001
101110101110
101110101110
101110101110
111111101111
111011111001
000100010110
111011111001
111011111001
111111110111
010100001111
110111001111
001000111000
001000110000
001000110000
111111111111
001000110000
111111110111
110111001111
110111001111
110111000111
111111111111
111000110000
111000010000
111000010000
111111011111
111000110000
111000110000
000111101111
011100000000
011100100000
011100000000
111111011111
011100100000
101111111111
101011011111
111011011111
110111111111
011000000000
110111111111
101111111111
111111111011
111111111111
111111111001
110100000101
110000100101
110110101011
110010101011
111111111111
001101010100
110010101011
001000000111
111110101111
111110101111
001001111100
001001111100
001001011100
111111111111
111110101111
111110101111
110111110011
110111110011
110111010011
111111111111
111111011111
101011111111
111111111101
111111011111
111111111001
111111011111
111111111001
111111111101
111111111101
101011111111
111111011011
011111111111
110100100010
011111111101
110101010000
001011111111
110101110010
111110101111
001011111111
111111111111
001010101111
111110101111
111111111111
111110101111
011111111111
101010101111
001010101111
101010001101
111001100100
001100011101
111101111101
111101110001
111111110111
101110111110
101110111110
111111111111
101110111110
111111111111
101111111111
101111111111
100001000001
111101110001
110100010100
011111111011
110110111111
111111111111
110110111111
110110011110
111111011110
010110111011
010110111011
011111011011
111111111111
111111011110
110000110001
001111111111
001111101111
111111111111
111111111111
001111111111
111111111111
110000110001
111111111111
111111111111
111111011110
011101110001
010100100001
110110101111
111111111111
111111111111
011111001010
100110111101
111001110111
111001100011
111111111111
011111111111
111001101011
000110001100
111111111011
111111110111
111001111111
011111010110
111001111011
111111111011
111111010100
101111111111
111111011110
011011101111
011011101111
011011001110
111111011110
011111101101
010000001110
110100111111
111111111111
110100111111
011011111110
011011111110
011011111110
011011111110
111111111111
110100111111
111111111111
011011101111
111111111111
111111111111
111111111111
111111101111
101111010100
111111111101
011011110011
111111110111
111111101011
011011101011
111101101111
011001101111
011011111111
011111111110
111001110011
100110001101
000110001101
001110011100
111011110011
011111111111
101110110001
010101001110
101110110001
111111111111
111101001111
111101001110
111001001110
011111111011
111001001110
011111111011
100110000111
111111111100
110000001100
100110001100
011111110011
100110001100
100110111110
111111111101
100100001110
100100001110
111011111111
111100111110
111111111111
110011111100
101110111111
101111111111
110011111100
011101000011
011101000011
101110111111
011101010011
111011111111
111111100011
110111100000
111111111111
001000011111
001000011111
111001111111
110111111100
111111100011
111111100011
001000011111
110111111100
101110111111
111111111111
110111111100
111011111101
111110100011
011001011110
100111111101
111110100011
111111100011
111111100011
111111111111
111111100011
100111111111
100110111101
111101111111
111111111111
000101011001
111010111110
111111100111
111010100110
011101011111
100111111001
000101011001
111110111110
111111011111
101110011110
110111101111
101110111110
101000110000
011111001010
110111111111
011111101111
111111111111
011111111111
101010011000
111101100111
100010111000
101111111010
011100001111
110011110101
110011110101
011100001111
011100001111
110110111111
110011110101
101111111010
111111011111
110011110101
011100001111
111100111111
101111111010
111100101111
110011110101
101100101010
011111011111
001111011110
111100101011
111111011111
111100101011
101111111110
001011101110
111100111011
111000111011
111100111011
011111111111
011100111011
111111111111
011111111111
100111000100
100100000000
011100111011
101111000001
111111001111
101101111101
010010111010
111111000111
000001110010
100000110011
101011111111
111111111101
111111011101
111110100011
101001111110
111110100011
111101111110
100111100011
111110111111
111011011101
111011011101
111011111101
111011011101
111111011111
111111011111
000100100010
111111111111
001101100011
110010011110
111111111101
110010011110
111111011111
011111111111
100000100011
111111011100
100000100011
011111111100
011111111100
100000110011
111111111100
111111111100
111111111100
100000110011
111111111100
011111001101
101000110110
010111001011
111111111111
010111111011
111000110110
101111001101
101111111101
111000110110
101000110100
010111111011
111111111111
010111111011
000111111001
111111111111
000111111011
000111111001
111111001111
111111111111
000111111011
111111111101
110111111001
111111111101
111111111111
111111111101
000111111010
101111111110
010111110000
111111111101
111111111101
111111111101
000111111000
000111111010
000111111010
111111111101
000111111000
111111111111
000111111010
111111000111
111111111101
111000111111
000111111010
111010111101
111111111101
111111111101
111111111101
000111111011
111111111111
000111111011
010111111011
000111111011
110111111000
011111110111
111111011111
110111000010
111000111101
111111111101
001111111101
110111000000
001111111111
111111111101
100000111011
100000011011
111101011111
101111111111
111101111111
011100101100
011101000100
111111111111
011101100100
011101100100
001100000100
111111111111
111111011111
110001111110
111111111111
110001111110
110001111110
110001111110
110001111110
111111011101
111111111111
111111111111
101111011101
111111111111
111111111111
101111011101
101111011101
111111011101
111111011101
111111011101
111111011101
111111010101
111111011101
111111111111
111111011101
111111111111
111111111111
111111111111
111111111101
111111111101
111111111101
111111111111
111111111111
101110111111
111111111101
111111111111
111111111111
111111111111
111111111101
111111111111
111111111111
111111111101
111111111111
111111111111
111111111111
111111111111
111111111111
110011011111
110011011111
110011011000
110011111111
111111111010
001111111100
001111110100
111111111111
001111110000
001111111100
111111111101
111110010011
010001101111
111111111111
111111111101
011110010011
111111111111
101100111011
101101111111
111110111011
011110010001
110010101010
011111010101
111101111111
011111011101
011100011001
111100111011
011100011001
111110110011
111110110011
111110110011
111111111111
111110110011
111110110001
111111111111
111100110001
111111110101
111111111110
111111111110
111111111110
001101100111
010010010010
111111110101
110011100111
111111111111
111111011111
111111111111
110011100101
001101111111
001100011010
110011110101
111110011010
100011100101
111111111111
111110011010
011101111111
111111100101
111111111111
101111111111
101111111111
101111111111
101111111111
111111100101
010001111111
101111100101
101111100111
010000111111
111111111101
010001111101
011101111101
111111100111
101110011010
111110011010
011101111101
100011100111
011101111101
001111101101
110110111111
111111111111
111111111111
000110000111
110001111000
111111111111
110001111000
001111100111
001111101111
111111111111
001111101110
001111101110
111111111110
111111111101
111111111101
111111111111
111111111100
111111111110
111111111101
111111111100
111111111110
111111111100
111111111110
111111111100
111111111100
111111111110
011111101110
011111101100
111111101110
011111111101
111111101110
111111101110
111111111101
111111101111
011111101101
011111101101
111111101111
101111110111
001111110111
111111111111
101111110111
111111111111
101111111111
101111110111
111111110111
101111111111
110111111111
111111111111
111111111111
110001000100
101110111011
101111111111
010111010111
000111010111
001111111111
011111111111
110111010111
110111010111
110111010111
000111010111
000111010111
111111111111
111111111111
010011010111
000011010111
111111111111
010111010111
101011111111
010111010111
000111010111
010001010111
010001010111
000001010111
111111111111
010001010111
000001010111
101111111111
000001010111
000001010111
000001010111
010001010111
111110101101
111111111010
000001010111
111111111011
011110101111
011110101111
101100010000
111111111111
000011101111
000011101111
000011101111
000011101111
111111111111
000011101111
101111110111
101111110111
001101010011
001111110011
001111110010
110010011110
110010001111
110010001111
001101010011
001101010011
001111110111
110011111111
001101110011
111110001100
111111111111
110010011111
111111111101
111111111111
111111111111
111111111111
111111111111
111101101100
111101101100
111111111111
111101101100
111101101100
000010110011
000010110011
111111011111
000010110011
111111011111
111111111101
111111011111
111111011111
010010110011
111111111111
100000100011
011111011100
100000100011
011111010100
101110101011
011111010100
111100101011
010011111111
000011111111
000000101111
111111011111
011101110000
011111110000
100010101111
100010101111
111101011111
011111110000
111101111111
100010001111
011101110000
111111110101
100010101111
111111011111
110010000110
101111111011
011100101110
101111111011
110011010101
011100101110
011101101111
111111111110
011101111111
101110101011
110011010101
011101111111
101110101011
110011010101
011101111110
001101101100
001101101101
111110110011
110010011010
001101101101
111111111111
110010011010
110010011010
110010011010
001101101101
111111111111
011101111101
101111101111
001101101101
111111111111
111111110111
101111101111
110010011010
001101101101
001101101101
001101101101
111111111111
110010011010
111111110111
110011111110
111111111101
011101010011
110011111101
101111111101
111111111101
111111111101
111111111001
111111111001
111111111111
111111111111
111111111111
111101011001
111101010001
000010101110
111101011001
111101011001
111111010111
111101010101
111101111101
011111110111
111111011111
111101111101
101010101010
011111110111
111101111101
111111011111
011111110111
111101011101
111111011111
011111110111
011101110101
111101011101
111101111101
111111011111
101010101010
100010101010
111111110111
100010101110
001101011001
001101011001
111101111101
111101111101
111111111111
111010101110
000101011011
010101111011
111000101110
001111011011
011111110001
110111111110
111111111111
011111110001
101111011111
101111011111
110010101110
101111011111
111111111111
100101011010
101111011111
110101111010
111101111011
101111011111
111111111111
110101111010
110111111110
101101011011
000111011111
111101101011
111111111111
111111111111
111111110101
111111111111
111011111001
110010101011
010111010110
101110111001
111011100111
101110111000
111111111110
000100011001
101110111001
101110111001
010101011111
010111011111
101110111000
010111011111
111111111111
101100111000
111111111111
111011100111
111011100111
111100110101
101011011110
011111100111
111100111001
111111111111
100011011100
101011011100
010111011011
111100100111
101011111100
111111100111
111111111111
111111101111
010111000011
010111000011
010111010011
111111111111
101000111110
111111101111
010111110101
111111001011
010111110111
010111110111
111111111101
111111011011
011111110111
011111100111
111111111111
001000111110
110111001011
000000011110
111111111101
111111111101
111111111111
011111111111
111111111111
011111111110
111111111110
011111111110
011111111110
011111111110
011111111111
111111110111
111111111111
111111111111
101111111011
111111111111
111111110111
010000001100
101111111011
101111111011
101111111011
101111111111
111111111011
111100111110
111111100111
111111100111
101111100011
111111100011
111111100011
101111111111
111110111111
010000000100
111010011101
111111111111
101111101011
111111111111
111111111111
111111111101
111111110111
010100111111
101011000000
111111110111
101011001000
101011001000
111111110111
010100111111
010101100101
111111111111
101110111111
101010110011
101010110011
001010100001
110101011110
001010100011
101101111111
111111010110
111011111111
101101111111
101101111111
110111010110
111111010110
111010111001
111010111001
111010111001
111010111001
111111111111
111111111111
111111111111
111110111001
111111111111
101001111111
111111111111
100001111111
111111111111
111111111111
110111111111
111111111111
100000111111
111111111111
111111111111
111100111101
011100111111
101111111111
111111111111
111011111111
111101111111
101111110111
111110111101
101111110110
100111110110
111110111101
111011111011
011101001111
111111111111
111000001101
110111111111
110111110111
010111000010
011111001011
011111000011
011111001011
111111111111
111111011111
111101101110
111101101110
000001101010
111100101100
111110111101
101011111011
010111111111
111011110110
111100011101
111111101111
000011110010
111100011101
111111111111
111111101111
101110111111
111111111111
111111111110
111111111111
101011011011
111011011011
111011011011
111011011011
111111011111
111111111111
111111011111
111011111111
111011111111
111011111111
111011111111
111011111111
111011111111
111011111111
111011111111
110111111111
110111110101
111100110100
111011111111
111000111110
000111001011
111100111110
111100111110
111100111110
111111110101
111111111111
111100011100
111101111111
111110001100
000011111011
111100001100
111110001100
111100001100
111110001100
111101111111
111110011101
111101111110
011100011100
111101111110
011100011100
111110111111
111111111110
111111101111
111111101110
111110111111
010111101000
111111101111
111111101111
100011001110
000101111010
111110110101
011101111011
111111111111
011101111011
011100110001
101101111111
111111111111
111100101111
111100101111
111110101111
111101111111
011110011011
110011111011
011111111110
011111111110
111111111111
101111111101
111100000111
101111111101
001111111100
010011101010
110011101011
000011101000
110000000011
110010101011
011111111110
001111111100
011111111110
000010101000
011111111110
001111111100
111111111111
111111111111
101111111101
101101011101
110000100011
001111011100
111111111111
111111011111
111111011111
011111110111
001111110100
111111111111
011111110110
010101110110
111010111111
111111111110
010010111110
111010111110
111111001011
111111011111
111111111111
010111110111
111111001011
111111101111
111011001011
111111011011
010101110111
101110110100
111111011010
111010101011
111010000000
111010101111
111010000100
001101111111
111111010000
111111111111
111111010100
110111111111
111111111011
001101111111
111111010100
001101111111
111111010100
110010101011
001101011101
111011101111
101100000001
011111101110
111111111111
111111111111
010111001100
010111001100
010111001100
010111001100
010111001101
111111111111
101000110011
010111001100
010111001100
111111111111
111111111111
111111111111
111111111111
111111111111
111101111111
101010110011
110111001101
011101111110
111111101111
011101101110
111111011111
011111111100
111111101111
111111111101
010111101100
010101101100
010111101100
101010110011
001111101011
101111111111
011101101100
011111101110
011111111111
110011011011
101111111111
111110110010
111110110111
100001001111
111111111111
111111110111
100001000111
111111110111
100001001111
011111111101
011111111101
111111110111
111100011110
111100011110
100011101111
110110111110
111111110111
101011011111
101011111111
111111111111
111101110111
110110110011
101011001100
101001111100
111111001111
010110010010
010110010010
010110010010
111101101111
101011111101
101011111101
101011001000
101011111101
111111111011
101011001000
111111001110
101011111001
111111111111
111111001110
101011001000
111111111111
111111001110
011110111111
101011001100
111111111111
111111111111
010110110011
101011001100
010110110011
010110110011
111011111101
111101111111
111001111101
111110001111
110110000111
110110001111
110111111111
101110001110
111111110111
101110001110
111110011111
100011111111
111101100100
111101100100
111101100100
100010011111
011111111011
111011111111
111011111100
111111111111
011011011011
111111111100
111111111011
011111011011
111111111011
110100100111
111111111111
111111111100
101011111111
000000000111
001011011111
111111111100
011111011111
110100100011
011111011100
111011111100
011111011011
110010111100
101101100111
011111011111
110000010100
101111101011
101111101011
110000110100
110000110100
111111111111
010000110100
011111111111
011111111111
101111101011
110000110100
111111011111
011111111111
111111111001
010011111001
111111111111
110000100110
101111011111
110011111111
010000100110
101000111110
111111111001
111111111101
101111000001
111111111001
110110111110
011011111111
111101111001
100111100110
111100111001
011011011111
111111111111
111100111001
001011000111
111000110000
111011011111
010111111111
101101101111
010011111001
111111111110
001111101011
110010011101
101111111111
111111110110
011111111011
111101110110
001110011010
111011100111
111101111110
101111111111
110111111101
111001100110
111111111111
111001100110
111110011111
100011100101
011101111010
011110011011
011110001001
011110001001
101011110111
001110001011
111110011111
111010010111
111011010111
100100101011
111111010110
100000101011
111111010110
100100101111
111111111111
110010001110
011111010101
110010111011
101101111110
111110101011
111111011111
111111101111
101101111111
010011010100
111111011110
111110101011
101101111111
111111111111
110011100101
101101111111
111111011111
111101111001
110110100111
100110100110
100110100110
111111111111
100110000110
100110000110
111111111111
111101111111
100100100110
101111110011
101111110011
111111011110
010011011110
001011110011
101111110111
110010101011
111101111101
111100111111
011100010110
011111111111
111111111111
011111111011
011111111011
011100111011
111111010110
111111010110
111111111111
111111111011
111111010110
111111010110
100101100001
100001001011
011110111111
111111110100
111000011111
100111101011
100111101011
111111111111
100000001011
111110010000
111000010000
111111111111
111111111111
111011010101
111011010101
111011010101
111011010101
111011010101
111111111111
111011010101
111011010101
111111111111
111111111111
101110101111
000101101010
101101101110
111011010101
111110111111
111110111111
111010111111
111111111111
011001010101
111101010101
110000010101
111111111111
011001111111
110010111011
011101111111
011001111111
111111111111
111111111111
011001111111
011001111111
011001111111
111011111111
111101111111
111001111111
111111111111
001110000100
100111111111
011111101111
100101111111
100111111111
111111111111
101111111111
100101111111
100101111111
110101111111
101111111111
100101111111
110101111111
100001111111
111111111111
100101111111
100101111111
100101111111
110101111111
001000110001
111110001110
111110000110
111110000110
111110010111
100001111111
000000111001
111111011111
000000011001
111111110111
111111111111
111111101110
111011111111
111111100110
000100011001
111111100110
111011111111
000100011001
111111110111
000100001000
000100000000
111011111111
111111100110
111111100110
111111111111
111111101110
111111111111
110100010111
101111101110
111111101110
011011111001
011011101000
110100010111
101111111111
111011101000
100100111111
011111111111
100110111001
011001100110
111111111001
111111111111
111111111001
111111111001
111111111001
111101111111
111111111111
100110111001
101110111111
010011101110
111110001111
100001100001
011111101110
110011110001
111110111111
111110111110
111111111110
010011100001
111111111111
111110011111
111110011111
111111011111
010011100001
111101111110
111101111110
111111111111
111110111111
111110111111
001101111111
111101111111
111100111111
100111100000
111010011111
101011010000
111011111111
111011101001
110100110111
001111011110
110100110111
001111111111
000101110111
001111111111
110000001000
110011110111
011111101001
111111101111
111111101111
