011111010100
100001101101
100101101111
100101101011
100101101011
100101001011
100100001001
111111111111
001000001000
110111111111
110111111111
111101110111
111101111111
001111110110
001111111101
111111110101
000100001111
111111111111
010100110001
010100111111
010100110001
101011110101
101011110101
111111110101
010100000001
111111111111
101011111110
111111111110
111111111111
100010111111
011101000001
100110111111
100110000001
111111000001
100110000001
100110111111
111111111111
111111000001
100110111111
100110111111
110111100101
111111111111
111111101111
011101111111
101010111010
101110111010
101110111010
101110111010
110111010101
101110111010
001100111010
001100111010
010111000101
010111000101
010111000101
101110111010
101110111010
111011101111
111101111111
111111111111
010101000101
101010111010
111111101111
010111010101
111111101111
111111101111
100010010000
111111111011
101110101010
111011111111
101110101110
110111010101
111111111111
101010111110
101110110100
111101101111
111011111011
101110111110
111101101111
111011111011
111011111011
111111111111
101110111110
011101101111
110011010001
111011111011
011111111111
111011111011
111001101011
111111111111
101110111110
101100101110
010111010101
010011010001
110011010001
010011010001
010111010101
011111111111
111111111111
101110111110
111110101111
111110101111
111111110100
000001011011
111111110100
111110101111
111111110100
111111110110
000001011011
111111111111
000001011011
000000001011
100001111011
111111110110
111111110110
000000001011
111111110100
111011110000
111111110010
111111111111
111011111101
111011111101
111011111101
111011111101
001111110111
111101111111
111101111111
001101110101
111101111111
011101111111
011111111111
111101111111
011111111101
101101010111
101101010111
101111110101
111101011111
011111011111
111001111111
001110110100
111111111111
111110111111
111111101011
111111101011
111111101011
000001010100
111111111111
111110111111
111111101011
010001011101
111111001011
101111000010
110010111111
101111110110
111111101111
100010010110
011101111100
111110111111
111111001010
111101111101
111101011101
111101111101
111111001010
111110101010
000011110111
111110101010
111110001010
111111111111
111111111110
001001110101
111111011111
101011001111
111110110011
111110110011
010101111100
101011001111
111111111111
110111011111
111011001111
001100110100
101100110101
101100110101
101100110101
111111111111
111111111111
111111111101
111101111111
111110111100
111110111110
111101111111
111111111100
111101111111
111101111100
000011000011
111111111100
111110111111
111111111101
101100111110
101110111110
010111000011
111111111111
111111111111
000101010011
111011101111
110111111011
000101110011
000101110011
000101110011
111110111100
111011101111
111010101011
111011101111
111110111100
000101110111
111011111111
111111001111
111111111111
011101101111
011101101111
100011110111
011100101100
111111011111
011100101000
100011110111
111111011111
101111101110
011011011000
010011000011
111011011111
001101001000
111111101011
111110111111
111110111111
111111011111
111111111111
111111011111
111110111111
111111011111
101010111110
001011100100
111111010001
111111010001
111111111111
110011011001
111111110011
101011010000
110111111111
101011111111
101011111111
101011011000
011100101111
110011100011
110011100011
111101010101
111011101111
111011101111
111011111111
111101010101
001111101010
001111101010
111101010101
110110111111
111011111111
110100010101
111101010101
111111111111
011111111011
011111111111
110110110111
010110110011
101011111110
010110110011
101111101111
011111111010
111001011101
111001011101
111111111111
101111101111
111001111111
101111101111
011111011000
111001111111
001111111111
110000110111
011111111111
101111111111
111111001000
111101111111
111110000000
011111111111
100000111011
110111111011
110111111011
111111101110
011100100001
011100100001
111111111111
100011011110
111111111111
011100100001
111111111111
111111111100
010100000011
101011111111
101011111110
101011111110
111111111111
111111111110
111111111110
111111111111
111111111110
111111111110
010100000000
101011111111
010100000000
101011111111
111111111111
101011111111
111111111111
101011111111
101011111111
010100000000
101010010111
111111111111
010101101000
010101101000
010101101000
010101101000
111111111111
010101101100
101010010011
111111111111
111111111011
111111111011
101010010111
110111111111
111111111111
111111111111
111111111111
111111111111
111111111111
111111111111
111111111111
111111111111
111111111111
111111111111
011111111111
011110110111
111111111111
101011111011
101011111011
101011111011
111111111111
111111111111
110110100110
101011111011
011101011101
111111111111
100010100010
111111111111
011101011101
111110100110
111110100110
111110100110
111110100110
111011100110
111011111111
111111110110
111011111111
111011110110
010111111110
111111111111
010111110110
010111110110
010111110111
110111111111
111110111111
111110111111
111110111111
111110111111
111111111111
111110100110
111111101111
111110110110
111111101111
111110110110
111110110110
111110110110
111110100110
111110100110
111111101111
111111111111
111111101111
111100100110
111110110111
111110110111
111110110111
110111111111
111111111111
111111111111
110111111111
110111111111
011101110111
010101110101
101111101101
111111111111
101111101101
101111101101
101111101101
110110111110
100110101100
110110111110
110110111111
100110101101
101111111111
111111111111
111111111111
101011101111
101011111111
111101111110
111011111111
101111111111
101011111110
010111011111
101011111111
101111111111
101011101111
101111111111
101111101111
101111101111
111111111111
100000110111
100111111111
111111111111
100101111111
111101111111
111111111111
100111111111
100111111111
100101111111
100101111111
111101111111
111111111111
100100111011
100110111011
100110111111
111101111011
111111111111
111111111111
111111110011
100110111111
111111110011
100110110011
110110110011
111101111111
110111110011
100110110011
110110110011
110110110011
111111111111
110110111011
110110111011
110110111011
110110111111
111111111111
111111111111
110110111111
110110111111
111111111111
110110001111
111110011111
110111101111
110111101111
110111101111
111110110110
110111101111
111110110110
111110110110
111111111111
111111111111
110110100110
110110100110
110110100100
111111111111
110111100100
110111100100
110111100100
111111111111
111111111111
111111111111
000001011100
111111111111
000001011100
111110100011
111111111111
001001011100
001101011100
111111111111
011100001110
111111111111
111111111101
111111111100
111111111111
111111110111
001011011010
001011011010
111111011111
100000101001
111111011111
011111011111
011111111111
000001101100
111111110111
000001101110
111110011011
111111111101
111111110111
111110000011
001011111111
111010111011
111001110111
111111100001
111001011111
001110111111
111001011111
111111100001
110111111110
111001011111
001110111111
111111111111
001110111111
111111100001
111001011111
000000011110
111111100001
110101111110
111011000001
001110111111
010111111110
111111111111
111111111111
111111111111
111111111111
111111111111
111111111111
111111111111
111111111111
111111111111
111111111111
111111111111
111111101111
111111101111
111111111111
111111101111
111111110111
111111111111
111111111111
110010111111
110010111111
100010100110
111101011001
111111111111
111101011111
111111111111
111111111111
000010100000
000010100000
000111111000
111010100111
111101111111
011101011111
101011110111
101111110110
011101011001
111111111111
110010101111
001111010111
110010101111
111111111111
000010000110
111111111111
101101111001
110010110111
011111001110
011111001110
110010110111
111101111101
010010010110
111111111111
011111011111
111111111111
111010110111
011111011110
011010010110
011101001101
111010110110
111010110110
011101001101
011101001111
111111111111
100111111011
111111111110
111111111111
111111111110
101100110001
010011001111
101100110000
010011001111
010011001111
010011001111
111111111111
111111111111
010011001110
111101110001
011001000001
111111111111
111111111111
111111111111
111111111111
000110001110
111001111001
011111000111
111001111001
011111001111
111001111001
111111111111
111111110111
100110111110
100110111110
011111000111
111001111001
111001111001
100110111110
111111110111
111111111111
111011001011
000100111111
111111110101
111011001010
111111111110
111111111110
111111111110
111111111110
000100111111
111110110110
110100110110
101111111101
110101111111
011011001011
110101111111
111111111101
110101111111
011111110111
111111111111
110001001101
111011001101
100110010010
011101101111
111011111101
011101101111
011101101111
011001101101
111111111111
111111111010
111111111010
100100010111
011011101101
100110110111
100100010111
100110110111
100100010111
111111111111
111101011111
111101011111
111101011111
100101111111
100111111111
111001111101
100001111101
111101101111
111101001101
111101101111
111101001101
111101001101
111101001101
111101001101
111101101111
111101001101
111111011111
111111111111
111101001101
111111111101
111101101101
111101001101
111111011011
111111111001
111111011001
111111111111
100001011011
100001111011
111111100111
000101111011
111010011100
111111111111
111111111111
111010111110
111010100110
111111111111
000101011001
111111100111
111111100111
000101010001
111010101110
111010110110
110010100110
110010100110
111010110010
111111111011
010000100010
001110011011
111111111111
111111111111
111011110110
100111111110
100011110010
111111111101
100011110010
100011111100
100111000101
111111111011
111001111111
111001111111
100111000100
100111000100
011110111011
011010111011
111011111111
111111111111
011111111011
011111111011
011111111011
111111111111
111111111111
100111111100
011111111011
111111111111
111111111111
011111111011
011111111011
111111111111
100110111001
111110111111
101110111010
101110111010
101111111010
111110111011
101110111010
101110111010
111110111011
101110111010
111111111111
101110111010
101110111011
111110111011
101111111110
101111111111
101111111111
111111111111
101111111110
111111111000
101111111111
101111111000
101111111000
111111111001
111111111001
111111111111
111011100000
111111111111
111011100000
111111111011
110111111111
111000000100
001111111011
111011000010
000100111101
111011000010
111011000110
000111111101
111111111011
100111111101
111100111011
111100111111
011111111111
001111011111
110001100100
101110111011
011111011111
110001100100
111110111111
111110111111
111111111111
111111111111
101111111011
010001101100
010001001000
111111111111
010011101100
010011101100
010111111100
010111111100
111011101111
101010101111
111101010011
011111111110
111010101110
111111111110
011101010011
100010101101
100010101101
011111111111
111111111111
011101110010
111111111111
111111111111
111111111111
011101110010
100010001101
111111111111
111111111111
111111111111
111111111111
100010011101
011101100011
011101100011
111111111111
111111011111
100111111101
111110011110
101001100011
101001100011
010111111101
010111110101
101001101111
101001101111
101011101111
101011101111
111111011011
101100001111
011011110110
011011110110
011011110110
100100001101
111111111011
101100001111
111111111011
011011111111
011011111011
011011111011
111111111011
111111111011
110111111101
111111111100
011011111100
111111111111
111011111100
111011111100
111111111100
111011111111
111011111100
111011111111
111111111100
100110111000
111111111011
111111111111
110111111100
110111111100
101110111111
101111111111
100111111111
111111111111
101111111111
110111111111
011001000000
111110111111
110110111111
111111111111
111110111111
110110111111
010101011101
110101111101
111111111110
110101111100
111111111110
110101111101
111111111001
111111111001
000010110111
111111111101
111111111100
111111111101
000010110111
111111111100
111111011111
111111011101
111111011101
000110110110
000011100100
111100001011
111101111111
001010110111
110111001000
111101110111
111101110111
110111001000
111101110111
110111111101
111111110111
001010111111
101110111101
101110111111
010101001000
110111111111
110111111111
111101111011
011110011110
110101111011
110111111011
111111111011
001010000100
111111100111
111111100111
011110000110
100011111001
011110011110
111111000111
111111100111
110101111101
111111111111
101010011010
111111100111
101010111111
010011001110
001011000110
011001000010
011111011111
111110111111
011001000010
001001000010
011111011101
111111011111
111001000010
101001000010
111111011111
010111111101
101111111111
000111111101
101111111111
111011100110
010111110101
111111111111
001001110011
110111111101
011111110111
110101111001
101011111111
111110001110
001001100110
001001100110
001001100110
111110011111
001001100110
111111111011
101011111111
101011111011
101011111011
101011111011
111111111011
111111111011
101011111011
111110011111
101011111111
111111111001
011101100110
111111111001
100011111111
011101100110
010101010000
101011111111
111111111111
101011111111
101011111111
101011111111
101011111111
101011111111
010101010000
101011111111
111110101111
111110101111
111110101111
111111101111
111111111111
111111111111
111110111100
001000000111
001000000111
011001111111
111111111100
111111111111
111111111100
110111111011
001000000111
001000000111
110111111011
111111111100
001000010111
001000010111
111111101000
111110111111
111111111111
111110111111
000001010111
001000101000
001000101000
001000001000
001000001000
110111110111
110110110111
111111111111
010101110111
110110110111
001001001000
001001001000
101111011100
111111111111
101111011100
101111011100
110110110111
101111011100
101111011100
101111011100
100110010100
011001101011
001001111000
111111111111
101111111110
011001111011
110110101111
111111010101
110110000101
111111110101
111111110101
110110001111
110110000101
011001111011
100110001110
100110101111
100110101111
100110101110
011001111011
111111110101
100110101111
111111111110
011001010001
100110101111
101111101101
110110110111
111111011111
111111011111
110110111111
111111111100
110110110111
111111111100
001001101000
001001101011
000000101011
111111010111
110110110111
111111111101
110011011000
111100111111
011101110111
111101111111
011101110111
100011011000
111111111111
111110101111
111111110111
011101111111
101110111111
111111111110
111111110111
111110110110
111110111111
111111110110
110011011000
111111110111
001110111111
001100111111
111111101011
111111100011
111111101011
111111110111
110011011100
111111101011
111111100011
001100111111
111111100011
111111101011
111111101011
110011011100
110011011100
110011011100
110010010100
001101111111
001100110111
111111111111
110011011100
001101110011
001101110011
111110101111
001101110011
110011011100
110011011100
001111010011
001111010011
111001111100
110110101111
001111010011
111111111111
111111100111
000110111011
111001111100
111111111111
111111111111
011101110000
100010101111
111111011111
011101110000
011101110000
111101111110
111111111111
100010101111
011111110001
111101111110
111101111010
011111110101
111111011111
100010101111
111111111111
111111011111
111111011111
111111101011
011111100001
111110101111
111111111111
100000001110
100001001110
111110111111
111110111111
001110110001
001111110001
011110110011
011110110011
011111110011
111110111111
001111110001
111100011110
111100011110
110000001110
111111110111
001111111101
111011101111
001011101101
111011101111
111011101111
110110110111
110110010111
111011111110
111011111110
111111111111
111011111111
100101101110
111110111111
111111111111
101111101111
111010111111
111111111111
101000111111
111111110110
111111111111
111001111111
111001111111
111001111111
100110111011
000110101010
000110111011
000110111001
111111111111
110000111011
110000111011
111111010111
111111111111
111111111111
111111111111
111111010111
111111101100
111111010111
111111111111
111111101100
001111111111
110001111011
110000101000
111111010111
001111111111
111111010111
111111010111
001101111111
001101111111
110010111001
111111010111
111111111111
001101111111
001111111111
111111111111
111111111111
001101010111
111111010111
001101111111
110010101000
110010101000
110010101000
111111111111
111110011111
111111110111
111111110111
111111111111
111111111111
111110011111
111110010111
111110011111
111111110111
111110010111
111111110111
111111111110
111111110111
111111111111
000001101000
110001101000
011111111111
011111010111
111111010111
011111111111
101110010111
011111010111
111111010111
111111010111
001110111111
110001101000
110001101000
001110101111
111111010111
001100101111
111111010111
110011111000
111111111110
111101010111
111111111111
111101111111
111100101111
111100101111
111100101111
111100101111
100011111000
111111111111
111111011111
111111011111
111111111111
111111011111
111111011111
111111111111
111111111111
111110111111
111110111111
111111111111
111110011111
111111111111
111111111111
111110111111
111111111111
110001101001
111110111111
111111011111
001111110110
111110011111
111110111111
111110011111
111110011111
111110011111
111111011111
111110111111
111111011111
111111011111
111110011111
111110011111
111111011111
111111011111
000011011010
111111111111
010000011011
111111111110
100011110011
011100001101
111111111111
011110011111
110011101011
011110001111
111111111111
110011111011
101101100100
110011111011
011100011111
110011111011
110011111011
111111111011
111101010100
111101010100
111101010000
111111111011
111111111011
111111110100
111111110000
111111110000
111111100100
111111101111
111111111011
111111111011
110111110100
110111110000
011011111111
111111111111
101101001001
011011111111
001010011101
111111110111
001010011101
111111110111
101100001111
010001101000
101110110111
111111111111
010001101000
111101101111
001111011111
110001101101
111101101000
111101101111
011101001111
111110111111
111110111111
111110111111
111110111111
101101101111
111111111111
101111111111
101111111111
111111110111
110001101111
111101101111
101110111111
111111111000
001111011111
111111110111
111110110101
001110000101
110001110111
000011001101
111111110101
111111111010
111100111111
111100111111
111100111010
111101111010
110011111111
111101110110
111101110110
111111111111
111001110110
111011111111
110111111001
111011111111
111011110111
111111110111
110111111011
110011110010
111111111111
010011010010
111111111110
110011110110
110011110111
111111111110
001100001100
001100001100
111011110011
000100001100
000100001101
000100001101
101011111010
101010111010
111111111111
111111111111
001100111110
111011000111
111111111001
000111111001
000111111001
001111111001
001111111101
001111111101
000111111101
111011000011
111111111111
000111111101
001111111101
111111000111
110110011111
111111111010
111011111010
111111111111
111011111111
111111111111
111011111111
111111111111
111111111111
111111111111
111111111111
111111111111
111111111111
111111111111
110111101111
111111111111
111111101111
111111101111
111111101111
111011000011
101111010111
011011111101
111111111010
101111111111
100110101010
001110010011
110111101110
111011111111
111101111111
001110010001
001110010001
001110010011
111001111111
111011111111
111111111111
001100010011
110111101110
111111111101
001110010011
110111101110
111001111101
111001111101
111011111111
111011111101
111111101100
001110000010
110001111111
110011111111
011111001111
111101111101
111111111111
111110110010
111101111111
111110110010
110010100010
110011101111
110010100010
110011101111
111110110010
001101011101
001111011101
110011101111
111011111111
111101111111
111101111110
001111011101
111110110011
001101011101
111111111111
011010100011
110110110010
110011000010
110011000010
110111010110
111111111111
011111011110
010111010110
111111111111
111111111111
111111111111
110111110111
111111111111
110111110111
110111110111
110111110111
010111110111
111111111111
011111111111
110111110111
110111110111
010111111111
110111111111
110111111111
110111111111
010111111111
110111111111
110111111111
111011111111
010111111111
111111011110
011111011100
111111111101
011111101111
100000010010
001011110101
011111111111
101011110101
111101011110
111111111111
111011000100
111001000100
111011000100
000110111111
111101111111
111101111111
111001000100
111011000100
111011000100
111111111111
111111111111
111111111111
111111111111
101111011101
111111111111
101111011101
101101011101
111111111111
111111111111
111111111111
111111111111
111111111111
111111101110
111111111111
010000100010
010000100010
010000100010
101111011101
011111101010
011101101010
011101101010
011101101010
110010110111
011101101010
101111011101
110111111111
011101101010
111111111111
010101101010
011101101010
111111101110
011101101010
111011110111
011111111011
010101101010
011101101010
010101101010
010101101010
111111101110
110111111111
111010110111
010110101010
111111111111
110110111111
111000110111
111001110111
111110111111
011001100010
011111101010
111011100110
111111111111
011111111101
111111111011
100000000010
100000000010
111111111011
100000000010
111001000110
100000000010
111111111111
111111111111
011001000100
011111111101
111111111011
111111111111
100010000110
111101111111
011111111101
111111101110
111111111111
111101111111
101101111011
111010111101
011111000110
100111111111
101110000110
110011111101
011110000010
110011111101
110011111101
101101111101
101101111101
111111111101
101111111111
111110000010
010001111111
101111111101
010001111111
111111111101
101111111101
011111111111
110001111111
101111111101
111101000010
110010111111
110010111111
001111111101
110010111111
001111111101
001111111101
111111111111
111111111111
111101111011
111101111011
111101111011
111111111111
000011111111
111101111011
110011111111
000001111011
000011111011
000011111111
110011111111
000001111011
111111000100
000001111011
000001111011
111101111011
101101111011
011110001110
111110111111
101101111011
010010000100
101111111111
111111001110
101111111111
010011110001
010011110101
101111111111
111111111111
111100111111
000011110101
111111001010
111111111011
111111101110
111111111011
111111111111
100011110001
111110111111
111010111101
111111101010
011001011101
010101010111
111111101010
111110101010
110111110111
011101011111
100111110111
100111110111
111110111111
111111101010
011001011101
111111111111
011101011111
111011111101
101111111111
011100011111
111011101010
101111111111
110111110111
110111110111
110111110111
101111111111
111111111111
111001101010
001101011111
000101010111
111111111101
111111111011
111111111011
111111111111
111111111111
110111111111
111111111111
010011011111
111111111111
010011011011
111111111111
111111111111
111011011111
111111111111
101101100101
111111111111
111110111111
111011111111
111110111111
111101111111
110111001111
001101110000
111110111111
111111111111
111111011111
110111001111
111101111111
111110111111
110111001111
100000011111
011111110011
110111010110
111111111111
111111111111
110111010111
111111111111
111111111111
110111010110
110111010110
110111010110
110111010110
110111010110
000000101001
110111111110
011111111001
111111111110
101101010111
010010101001
111011101110
111101011111
110101001010
110111101011
111111111110
110101001010
110111100001
001111111111
111010110101
110111101011
111000010101
111111111111
000111101010
111111111111
000111101011
111010111101
111101110111
111111011110
000111101011
111111011110
110000110101
001111111111
001111011110
111111011101
000100100010
001100110011
110111001110
110111101110
110111101110
111111011111
111111111111
110111101110
001000110011
110111101100
001000110011
110111111110
111111101101
110111111110
111111101111
111111101111
111111111101
001000010011
110111111101
000000110010
111111111111
111111001101
111111001111
111111011101
000000100010
000000100010
111111011101
111111111111
000010111110
001011111111
000000100000
111111111111
111111111111
111111011111
111111111111
111111111111
111011111111
111111111111
111111111111
111111111111
111111111111
110010011110
111111101111
110010011110
001101110001
110010001110
001101110001
001101110001
111111111111
001101111011
111111110101
110010001110
110010011110
111111110101
001101100001
001111110101
001111111111
001111110101
111111110101
111111110100
111111111101
111011101111
111110111110
111011101111
111101111111
111011001101
010110100010
110111111101
110110001100
110110001100
111110101110
110111011101
110110001100
101111111111
111111011101
110110101110
110110101110
110111111111
111111111111
111111111111
110111010001
110111110011
110111110011
110111010011
111111011111
111110100001
111011010001
111111111110
000100001111
111011110001
111111011110
000100101111
111011010001
111011010111
111001110001
110111111111
001110101110
110111111111
111001110001
110111111111
111001110001
111001110001
111001110001
111111111111
000110101110
111001110001
111001110001
111001110001
000110101110
111111111111
111101011001
111111111001
111111111001
111101011111
111101011111
111111111111
000110100110
111111111001
111011111111
111111111001
111101011111
111101011111
011111111111
111111111011
011111111111
111111111011
100110100110
111011111101
111111111011
111011111101
111011111101
011111111111
100110100110
111111111011
100010100100
011001011101
011001011101
111001011101
111011111101
111011111101
111111111111
100110100110
111001011101
111111111110
101110101010
010011110111
111111111101
010011110111
101110101111
111101011001
101100001100
111111101110
101100011101
010011110011
111111101110
101100011101
101100011101
111111111111
010011010011
101100111101
110011110010
001110101101
110001011110
111111111111
001110101101
111111110011
111111111111
111111010011
001110101101
110001111110
111111111111
011111101111
101111110101
101111110101
110001111110
111111111111
011110100110
100001111101
111111011011
111111011111
111111111111
111111011111
111111011111
101111111101
011110000010
100001111101
010011101011
010011111011
111110010100
111110010111
111111111100
101100100111
101101101111
111110111111
111100101111
101111010111
111101101111
111111111100
111111111100
111111111100
111111101111
111111111100
111111111111
010011111011
111111101100
101100010111
111101101100
101110010111
010011101011
111101111100
010011111011
010011111011
010011111011
111111111111
010011111011
111111111111
000011110011
000011110011
010011101000
010011001000
101101010111
101101010111
111111111111
111111111111
110111011111
110111011111
111011111011
111111111111
111111111111
110111011111
110111011111
111011111001
111101111111
110111011111
110101011111
111101011111
110111111111
110111111111
110111111111
101010110001
011111101110
111100111110
011100011110
111100111110
111100111110
111100011110
111111011111
111100111111
101111100101
111100011111
111111111111
111100111111
101111100101
111111111111
010000011010
010011111010
101111110101
011011111001
101111110111
110100001111
110111101111
111111111111
101111110111
011011111000
110111001111
011011111000
011011111000
011011111000
011011111010
001011111000
001011110010
110100001111
111111110111
011011111010
111111111101
001011111010
101111110101
101111111101
111111111101
100100111101
101111111101
101111111111
111111111111
111111101101
111111111111
111111110111
111111110111
111111110111
111111110111
011011111111
111111111111
111111111111
011011111101
111111111101
111111011111
111111011111
111111011111
111111011111
111111011111
111111011111
111111011011
011110001111
111111111111
101111110111
111111111111
101111100111
101111100111
111111101111
111111111111
111111101111
111111101111
011011011001
011011011001
011011011001
011011001001
011010001001
111111111111
100101110110
011011011001
100101110110
100101110110
111110101111
111111111111
011010011001
011010101001
111111011111
111111111111
100101110110
011010001000
011010001000
011010001000
111111111111
111111111111
101101110111
101101110111
111111111111
011011101011
011011001011
101101110111
101101010111
101101110011
111111110111
011111010111
011111111111
111110101101
111110101101
111110101101
111110100101
111111111111
111110000101
111110000101
111111010111
111110000101
111111010111
111110000101
111111111111
111110000101
111111111111
111111010111
111111010111
111110101101
111110001101
110101111110
111011110111
111111111111
111110001101
111111111111
000100001000
000100001000
110111111110
110110001100
111111111111
111111111111
110111111110
111110000101
001111111011
110110001100
111111110111
001001111011
111111111111
001001111011
111111110111
110110001100
001001111011
001001110011
110110001100
111111111111
111111111111
111011110111
111011110111
111111111111
111111111111
001101011011
111111111111
111011110111
000101011010
111111111111
111111111101
110101111100
111010101111
001111010011
111111111111
001111010011
110010101111
110010101111
111010101111
111110100011
111110101011
111111110111
111110101011
111011110111
110111110111
111111110111
111111110111
111110101011
111011111111
111111110111
111111111111
111111110111
111111110111
111011110111
111011110111
111011110111
111011110111
111011110111
011101111100
011101111100
101111011111
101111011111
111110101011
110111110111
110111100110
111111111111
111111101110
111111101110
110111100110
110111111111
111101101000
111101101000
111111111011
111101101100
111111101100
111101101000
111101101000
111101111011
111111111111
111111111011
000011110101
111100001010
111100001010
111100111010
111111111111
000011110101
111101101010
111110011111
111111111111
111100101010
000011110101
111101111111
111111111111
111111001010
111111101010
111101101011
111111011111
101111001011
101111101011
111111011111
010000110100
010000110100
101111001011
101111101011
101111111011
011001100101
100110111010
100110111010
011001100101
011001100101
100110111010
011001100101
100110111010
111111110111
111111111111
111111111111
000110111001
111111111111
000110111001
000110111001
111111111111
111111111110
111111101110
111111111111
111001010111
111111111111
111111111100
111111111100
111111111100
111111111100
111111111100
100110111011
011001010100
011001010111
100110111011
100110101100
100110111111
111111101100
111111111111
010001110111
111111001000
111111001000
111111101100
010001110011
010001110011
111111101111
111111101111
111111111111
000110011100
111001110011
111001100011
111111101111
000110011100
111111111111
111001110011
111001110011
111001110011
000110011100
111111101111
010111011100
111111101111
111111101111
101110111111
111111101111
111111111111
111111101111
111001000011
111001000011
111111111100
111001111111
111001111111
111111111111
000110111111
111111111111
000110111111
111011000011
101011011101
010100110010
010100110010
010100110011
010101110010
100001010010
011110101101
111111111111
011111111111
111110101101
011110101001
011111111111
111111111111
011111111111
011110101001
111111111111
011111111111
011110101001
111110101101
111111111111
111111111011
111111111011
111111111011
111111111111
111111111011
011110101001
111111111111
011110101001
111111101101
101101010100
111111111111
110110101111
101101011100
010111110011
010111110011
010111111111
010111110111
111111111011
111111111011
111111110111
010111111111
010111111111
010101111111
111101111111
010111111111
010101111011
101010001100
111111111111
010101111111
000010001100
111111111111
011111111111
111101111111
111101111111
111101111111
011111111111
011101111011
111110111101
010111111011
111101011111
111101011111
010111111011
111101011111
010101011011
010101011011
010101011011
111111111111
111111111111
111111111111
111111111111
010111111011
111111111011
111101011111
010101011011
111101011011
010111111111
111101011111
010101011011
010101011011
111111111111
010111111111
111111111111
111101011111
101010100100
010111111111
111111111011
111111111011
111101011011
111111111011
010111111111
111101011011
101010100100
111101011011
111101011011
010101011011
010101011011
010111111111
111011001111
111101111111
001110110100
111011001111
111111111011
011101111111
110111111111
101110110100
100110110000
101110110000
101100110000
101100110000
111111111111
011111111111
101110110000
110011001111
011101111111
011101110111
011111110111
111111111111
111111011101
111111111111
011111110111
011101110111
011111110111
111101111111
111111111111
110111111010
111101111111
111111100111
110101100010
110111100010
111111111111
001010111111
000010111011
111111111111
111101111111
111101111111
111101111111
111111111111
111101111111
111101111101
111101110101
111111111111
111111111111
111111111111
110110011110
100011111011
100011110011
011111101101
011101101101
111111111111
111111111111
111111111111
111110011110
111101111111
110011110011
111011111111
110011110011
111111111111
001110001100
111101111111
111101111111
110011110011
110011110011
111101111111
011111111111
111111111111
001110001100
110001110011
110111111111
111101111111
110011110011
110011110011
111101111111
111111111111
001110001100
111101111111
011111101101
111111111111
111111111111
111111111111
011101111111
011101111111
110111110111
011101111111
111111111111
101011101011
111111111111
110111010101
011100111110
101011111011
111111101111
011100111110
111111100111
111111110111
100010011011
110111010111
101010111011
111111111111
100110011011
101110111011
101010100011
101010101011
101010100011
100110111011
101110111011
010101111101
111011000110
011101111101
010101111101
100110011010
111111011111
111111011111
100110111011
111111011111
100110011011
111011100111
111011100111
111011000111
100110111011
111011101111
111011101111
111111111111
010101110110
111011001101
111111111111
111111111111
001100110010
001100110010
110111111111
111111111111
111111011111
110101011110
111101011111
101111110001
111111110101
111101011111
010010101110
101111111011
110101011110
110111111110
011000000101
101111111001
101111101011
011111011011
011111110111
011101111011
011111111111
111101111011
100010101100
111101010011
100010101100
110010111100
111110100101
111110111101
111110110101
100101101110
111111111110
100111010101
111111111111
011110111011
111101101111
100111010100
100111010100
111101101111
111011111111
111111111110
011100101011
111011111111
111011111111
011110111011
111011111110
100111010101
111011111111
100111010100
111111111110
000101000101
111010111011
111101111101
111101111101
111111111111
110101111111
011011110001
111011110001
001110001110
111111111111
110101111111
110101111111
001110001110
110101111111
111111111111
001110001110
111111111111
101111001110
111110111101
111110001001
111110101101
111111011011
101001110110
010110101101
011111111111
111110111101
111111111011
111110011011
111111111111
010111111101
010110011011
010111011111
010110011011
111111011111
111111111101
010110011001
010111111011
010000110000
010001110010
010000010000
010000110000
111011101110
001100010001
111011101110
110111111111
111011101110
111111111111
110111101111
111111101111
111111111111
011001110110
111111101111
110011101110
110111111111
101110011001
111011111110
111011111110
011101110111
110111111111
101110001001
111111101111
011101100111
101110011001
111101110111
111111101111
111111101111
111000110110
011111111011
011111001111
111010111100
111111111101
100101110011
011111001111
111010111111
011111001111
111111111110
100101110011
011110001110
111110111111
111011111111
111111111111
110111111111
000111111110
111100110001
001011111110
111101000001
111101000001
110111111111
101101000000
111011111111
111111101111
011010111111
011010111111
010010111111
111101110111
111101110111
111101110111
111101110111
110011111111
111010111111
101111001000
111011111111
111101110111
111111111101
111111111111
111111111111
111110111111
110110111101
110110111101
101111111011
010111000111
111111110111
110111111111
111111111111
111111111111
011111011111
010011011111
010011011111
101100100000
101100100000
110011111111
101100101000
101100100000
101100100000
111111110111
001100001000
001100001000
110111111111
011111011111
101100101000
101100101000
110111111111
111011110111
101100101000
111011110111
001100001000
011111011111
111011110111
101100101000
111011100111
110111111111
011111011111
111011110111
101100101000
001101011000
001101011000
101101111000
101101111000
110111111111
011111011111
110111111111
010010100111
000111110111
111101111111
000111110111
111010001000
111111101110
010111110111
000001110111
010111110111
111110101010
111001111111
010111110111
011111011001
011001011001
111001101110
110110110111
111001111111
111001111111
011001101010
101111011101
111001111111
110110100110
111111111111
111111011001
010110100110
011111111111
011111111111
110110100110
001111111111
011111111111
100110100100
011111111111
110110100110
111001111111
111111111111
111001011011
111001011011
111111111111
111001111011
111001111111
010110100110
111111111011
111111011111
010110100110
111111111111
101111111111
010110100110
111001011101
010000000000
101111111111
101111111111
101111111111
101111111111
111111101110
011010111111
011010111111
100101010001
011010111111
011110111111
011110111111
111111111111
011110111111
111011111111
101111100010
111011011001
111011011001
111011011001
111110110111
111110110111
011101101111
111110101010
101111111111
111110111110
010001010101
111111111011
111111101010
111111111110
111111111111
101111011101
101111011101
111111101110
101111011100
110010110111
111111111110
101111101110
110000110111
111111001101
011111111110
001111111110
101111001100
000000111010
001001000101
011111010010
111101111111
011111110010
011111110010
001011010010
001011010010
001011010010
111111111111
001011010010
001011010010
001011010010
111101111111
110110101101
110110111111
001111110010
001111110010
001111110110
110010111111
111111001101
111101111111
001101110110
001111110110
110010111011
111111011111
110100111111
111111101101
111111011111
111101111111
100010110010
111111101101
110101011111
110101111111
111111011111
111111111111
001111110110
110000111011
110101111011
111111111111
111111001101
111111001101
111111101101
011010111111
100101100100
111011111111
011010111111
100111100100
111110111111
100111110110
111111101111
100111100100
111111111111
100111110100
111111001011
100111110100
100101000000
100011110100
111101001011
111110111111
111111111111
111111111011
111101001011
011110111111
111101001011
110111111111
111111111111
111111011011
110010101111
101111110100
011111011011
101111110100
111111111111
111101111111
100010100100
111111111111
010010001011
101101110100
111111111111
101101110100
111111111111
111111111111
111111111111
111111111111
110010111111
111111111111
111111111011
111111111111
111000111011
111000111011
111000111011
010111000111
010111000111
111111111111
010111000111
111111111111
010111000111
111000111111
111111111111
010111000111
111111111111
111111111110
111111111111
111111111111
111111111111
000111000001
101111011101
111111111111
101111011101
101111011101
101111011101
101111011101
011101110111
101111111101
110110111010
111111111111
100110011100
110110111010
011001100111
011001100111
011001100111
101111011101
101111011101
110110111010
110111111110
111111101111
111111101111
101110001111
101110001111
110111111111
011001110000
111111111111
110111111111
100110011111
110111111111
011001110000
001110000001
111110110001
110011001110
110011001110
111110111111
111111110001
111110111111
011111111011
001111111011
001111111011
110000010100
111111111111
001111111011
011111011011
011111011011
011111111011
110100100110
101011111101
111111111111
110100100110
110100100110
101011111101
011111111011
001011011001
111111111111
101011011101
111111111111
110101111011
110101111011
111111111111
111111111111
111111111111
111111111111
100001111011
011110000100
111111111111
100001111011
100001111011
111111111111
111111101111
100001111011
100001111011
111111111111
111111101111
111111101111
011111110110
111111101111
011110010100
100001111111
111111101011
111111101011
011110010100
011110010100
110101111111
101011101111
101011101111
110101111111
101011101111
011110010000
110101111111
100001101111
100001101111
110101111111
101011101111
110101111111
110101111111
101011101111
101011101111
111111111011
110111111111
110111111111
111111111111
111111111111
100001101111
011110010000
100001101111
110111111111
111111111111
001001010000
110111111111
111111111111
110110101111
111111111111
110111101111
110111111111
001001010000
110110101111
111111111111
111111101111
111111101111
011111111111
111111111111
111111111111
111111101111
111111111111
011111101111
111111111111
111110111111
100001010000
111110111111
100001010000
011111111111
111110101111
011111111111
111110101111
111111111111
111111111111
111111110101
100000011010
011111101111
101010000010
101010010010
111111101111
010111111111
010111111111
101010010010
010111111111
111111111101
101001010000
010111101111
111110111111
111110111111
011111101111
111111111111
111110111111
111110111111
010111101111
101001010000
010111101111
111110111111
101001010000
010111101111
101001010000
101000010000
101000010000
111111111111
010111101111
110111111111
110111111111
110111111111
110111111111
011111101111
011111101111
011111111111
111111101111
111111111111
010111111111
011111111111
010111111111
010111111111
110111111111
111111101111
010111111111
111111111111
111111111111
111111111111
011111100111
111111101111
011111100111
110111110111
110111110111
011111111111
011111111111
101000001000
110111110111
111110111111
111111111111
011111111111
011111111111
011111111111
011111111111
110111110111
111111111111
010111110111
101000001010
011111111111
110111110101
011111111111
101000001010
011111111111
011111111111
111111111111
111111111111
011111111111
110111110101
011111111111
111111111111
110111110101
111111111111
011111111111
011111111101
110111110111
010111110101
101000001010
111111111111
010111110101
010111110101
111111111111
010111110101
101000101010
101000101010
101000101010
111111011111
110111011111
101000101010
001000101000
111111011111
010111110101
110111111111
111111110111
111111010111
000000101010
111111110111
110111011111
110111011111
111111111101
111111110111
110111011111
110111011111
001000101110
111111110111
001000100110
001000101110
111111111111
000000001110
111111111111
111111110111
111111111011
111111111111
001000100110
111111111001
111111111001
110111011001
001000101110
111111110011
001000101010
110111111111
110111111111
111111111011
111110111101
111100111101
111110111101
111111111111
111111111111
111111111111
111111111111
111111111111
111110111101
111111111111
111111111111
111110111101
111110111101
111110111101
111110111101
111110111101
111111111111
111110111101
111110111101
111111111111
111110111101
111111111011
111111111111
100111111011
100111001111
100111111111
111111111111
100111101111
100111001111
100111001111
111111111111
011000110000
111111111111
100111001111
100111001111
111111111111
100111001111
111111111111
111111111111
101111101111
110111011111
110111011111
111111111111
111111111111
111111111111
111111111111
111101111111
100111001111
111111011111
111111111111
101111001111
101111001111
111111011111
111111011111
111111111111
111111111111
111111111111
111111111111
111111111111
111111111111
101111111111
101111010111
100111010111
100111111111
111111111111
111111010111
111000111000
111111010111
111111010111
111111010111
011000101000
011000101000
111111011111
111111110111
111111011111
011000101000
100111111111
111111011111
111111110111
111111111111
111111110111
111111110111
111111111111
111001100010
010110011101
110110011101
110110011101
011111111111
111001110011
111011110011
011011111110
111011111111
011011111110
011011110110
111111110111
111111111111
011111111110
111111111111
011111111110
011111111110
011111110110
111110111111
011111011100
111111110111
111111111111
011111010100
111111110111
011111011100
111011100111
111011100111
111011100111
111011100111
111011100111
011011100010
011011100010
111111111011
011011100110
011011100110
111011100111
111011100111
111111111111
111011100111
011111111110
011011100110
101110011101
111111111111
110001110111
111111111111
110101111111
111111111111
110101111111
110101111111
111111111111
111111111111
111100111111
111011111111
111000110110
111001111111
111111110110
111111111111
111011110110
111011110110
111111111111
111011111111
111011110110
111111110110
111111110110
111011110110
111011111111
111111110110
000100000001
111111111111
111111111110
111111111111
111011111110
111111111110
111111111110
110111111000
111111111111
110111111010
111111111111
110111111111
110110101111
111110101111
011101111111
111111111111
111111111111
111110101111
001001010011
111111111111
110110101100
110110101100
110110101100
001001010011
001001010011
110111111100
111110101111
111101111111
101011010111
111111111111
111101111111
111110101111
011101111011
111111111111
010101111000
111110101111
110111111100
101011010111
011111111011
101011010111
011100101011
111111111111
011100101011
101111111111
011110101011
110111111110
111101111111
101110101000
010011010111
111101111111
010011010111
101110101000
101110101000
101110101000
101110101000
010011010111
111111111110
101110101000
101110101000
101010101000
101010101000
101010101000
101110101000
101110101000
111011111111
111011111111
010111010111
101110101000
111011111111
101010101000
111111110111
101101111000
111111110111
111111111111
111110101111
101101110000
101101110000
101101110000
101101110000
101101110000
111111110111
111111110111
101101111100
111111110111
111111111111
111111110111
101101111100
101100101100
111111111111
101100101100
111110101111
111111111111
010111010011
010111010011
111111111111
111111111011
110101010101
000000000101
110101010101
111111111110
111111111011
111111111111
001010101111
111111111111
111111101011
111111111110
000010011101
000010011100
111101110111
111111101011
111111111011
111111111111
111111111111
111110110111
111001110111
111111111111
111001110111
111001110111
111001110111
111111111111
111111111111
111101111111
111111111111
101111101111
111111110111
111111111111
111111111111
111011110111
111111110111
111011111111
111011111111
100111101001
011000010110
111111111111
111111111111
010111111101
101111110010
111011001111
111011001111
101111110010
101110111010
010101111101
101100011010
110111111101
110111111101
011111111110
110111111101
011111111111
111111111111
101110111010
101111111111
101011101111
111100010010
111011101111
111111111111
010111011101
111111111111
110111111101
011111011111
111111111111
111111111111
111111111111
111111111111
010010000101
111111111111
111111111111
111111111111
111111111111
111111111111
111111111111
111111111111
111111111111
000010000101
110010100101
001011011111
001010100111
111011111111
001110100111
110101011001
111011111111
111011111110
001111000110
111111111110
111111011111
111111011111
001111100111
101111100111
111110111111
111011011110
101110100111
111011111110
111011011110
111011011110
010101111001
111111100111
111111000111
111111011111
101110111111
010101111000
111110111111
101111000111
111001111111
111111111111
111111111111
111111111111
111010111111
111110111111
111111111111
100110100010
011111011111
111111111111
111111111111
101110110010
111111111111
111111101111
101111111101
101111111111
111111110111
011110011010
011110011000
011110011010
111111101111
111111111101
101111101111
111111101111
011110011010
111111111111
101111101101
110001110111
110011111111
110011101111
110011101111
111111101111
011110011010
001110011010
111001100101
111111101111
010110011010
010110011000
111001110111
010110111000
110111111111
010110111011
101111111111
011111111111
110110111010
011111111101
111111101111
110111111101
111000100010
100000110000
101001111101
011111010111
111111101111
101111111111
110111111101
011111010111
110111101101
101110111111
101110111111
011001010010
101110111111
101110111111
111111101111
101110111111
111101111111
110111101111
101110111111
101110111111
101110111111
111111111111
011111111111
111111111111
011101111111
010100101111
110100101111
111111010010
110110101111
011001111101
111111010010
011001111101
100110101111
110110101111
100110101111
110110101111
111101111111
101101111110
101011011000
110101101111
111111011011
110000101111
111111111111
111111011011
101111111110
011111110111
101111111111
111011101011
010000000010
111111111111
111111111111
111111111111
111110111111
111110111111
111110111111
111110111111
111111111111
111110111111
111111111111
111111111111
101111111101
010111100111
010001010110
111111111110
111111111110
110111101011
010111100011
101000011101
101110111101
001000010101
111111111110
100111101001
011111110111
110110111011
101001111111
111111011110
101001011110
110111111011
101001011110
011110100101
111111111111
101001111111
011110000110
110111111001
101001111111
110111010000
111111111111
110111010000
011110101111
111111110101
111111101110
011111010101
011111001110
111110110011
100001111111
100001110111
111111111101
011100101001
011100101001
100011111110
011100001001
100011110111
100011110111
111111111111
000011110111
111101101110
111111011001
011101001000
110111111111
110111111111
110110111111
110110111111
111111111111
111111111111
011110011001
101001100110
110001000011
111110111101
001111111110
110101001101
110001000000
101111111111
110001000001
011110111111
111111111111
111111110011
011111111111
011111111111
111111111111
111111111111
011111111110
011111111110
111111011111
100001100001
100001100001
111110111111
111110111111
110111101101
011111011110
011111011110
111011111111
111011111101
111111111111
111111111111
111011111111
111011111111
111011111111
101110111100
111011111111
111011111111
111011111101
111111111101
111011111111
011111111111
111011111001
100100000110
111011111001
100110000110
011001111001
011111111111
111111101111
111111111011
111111111111
111111111111
111111111101
011111111101
011111111111
011111111101
011111111101
011111111101
011111111111
111101011001
100010000010
011101011001
100010100110
011101011011
111111111111
111111111101
111101011011
011111111111
111111011101
111111011101
111111111111
111111111111
111111011101
111111111111
111101111011
111101111011
111111011101
100010000110
100010000110
011111111111
111101111001
111111111111
111111111111
111101111001
100010000110
100010000110
011111111111
100010000110
111111111111
111101111001
111101111001
011101111001
011111111111
011101111001
111101111001
111111111111
111111111111
111111111111
011001111111
111111111111
011001111111
100110000110
111111111001
011001111001
111111111111
111111111111
100110001110
100110000110
100110000110
111111111111
100110000110
100110000110
011001111001
100110000110
110111000111
111111111101
110111000111
110111000111
110111000111
011011111010
011011111010
011011111010
101100111101
110111000010
011111111001
011111111111
011111111111
011111111101
111111111011
011111111101
101001111011
011111111111
110110000110
110110000110
111111111111
001001010101
111111111111
011011111111
101111100111
010011111110
111111111111
010111110110
111000001001
011111111110
011111111110
111000001001
111111111111
111110100101
000000011000
111111111111
111111100111
111111111111
111111000010
000000111101
001110111111
000000100111
111111011111
111111111111
111111000000
111111000000
000000111111
111111000000
111111111111
111111111111
110111001000
110111101011
111111011100
110101101000
001001110111
001001010100
001001110111
111111011100
110100101011
011101111111
110110101011
101011111100
101011010100
110110101011
011111111111
111010110011
111111101111
010111011111
010101011111
111101111100
111101111100
001011000011
111111111111
110110111111
111111111111
110100111100
111110111111
001011000011
111110111111
110110111111
001001000011
111111111111
111111101001
111110101001
111111101001
110111111110
111111111101
111111111111
111111111101
110111111100
111111111101
010101111110
001011111011
110111011110
111101111111
001011101011
111110110101
111111110111
110111011110
111110110101
111110110101
111110110101
111101111111
000011001010
111111110111
000011001010
111110110101
111011101111
111011101111
010110110100
110110111100
110110000001
111111111111
111111111110
010110010010
111111010010
111111111111
111111111111
111111010011
111101101101
010110010011
010110111111
101001101101
111111010011
101001101101
111111111111
111111010010
111101101101
101011111111
001011111111
101111010011
010010101111
111111111110
101101010001
111111111101
111101111111
010011111110
010011111110
111101111101
101110010111
111111111111
101110000011
111111101011
111111101011
101110000011
111111101011
011011111110
011011101110
101110010111
110101111001
111111101111
011011101110
011011101110
011011101110
101110010111
111111111101
110111111011
101110010111
110101111001
011011111110
111111101111
011011101110
111011111111
111111111111
111111111111
011011111110
101110010111
110101101001
111111111111
111111111111
110101101001
111111111111
101110010111
110101111011
011011111110
110111111011
111111111101
011011111110
011011111100
111111111101
100100010011
111111101111
011011111110
110111111011
011011111110
011011101101
011011111110
011111111111
011000111110
111111110100
001010111111
001010111111
110101101011
110101001011
110111101011
111111110100
111111110100
111111010100
000010101011
111101111111
110111101011
110111111111
110110001111
000010001111
111111111111
111111110001
111111110001
110110001111
110111111111
001011111111
110110001111
111101111110
001001110001
001010111111
001011111111
111101110001
110110001111
110110001111
111111111110
111101110001
001011111111
111110111111
111101110000
101101110001
111111111110
110111001110
111110111111
110111111111
110111111110
111111111110
111111111111
101111111111
110111111111
011011111110
101100000001
101100000001
010011011110
011010001110
011010001110
110110101111
110110001111
111111111111
110110001111
111110101111
001000001111
110111111111
111111110000
101101110000
111011011111
011111111111
111111111111
101111110011
110111111111
100100110000
111111111111
111111111111
110111111111
111111111111
111011001111
111111111111
110111111111
111111111111
100110110000
101110110000
111111111111
111111111111
101100110000
111111111111
101100110000
110111101111
101100110011
101100110011
010011001100
101100110011
111111111111
100100110001
111100010001
001011101110
111111011111
000111011011
111011101111
000111010010
111001101111
111111111111
111011101111
111111111111
111001101111
111111111111
111000101111
111110111111
111111010111
111111111110
000110111011
000110111011
111111111111
111001101111
111111111111
001110111010
001110111010
111111111111
111001101111
001000101010
001110111010
001110111010
001000100010
010111011111
111111111111
111111010111
101011111001
111101010110
111111111111
111111010011
100111110001
011001001110
011001001110
100110110101
100111111101
100111111001
111111111111
011001000110
100111111001
000011111001
000011111101
000011111101
111100110110
111100110111
111111001111
111111001011
000100110101
010101110111
111111111011
111110001110
111111111011
111111101011
010101110111
101011111101
101011110101
111111111111
010111111111
101001110001
111110001110
111110001111
000001110100
010111111110
111110111011
111111111110
111011101111
101101010101
111110111011
010111111111
111011101110
111111111110
110010101011
101101010100
110010101011
110011101011
101101010100
011111111111
111110111111
101101010100
011111111111
011111111111
110011101011
101100010100
101100010000
101101010000
110011101111
111111101111
110111011111
101100110110
111111101111
111111101111
111111101111
110110011111
101101100110
101101110110
101101100110
011111101111
001101100110
110110011111
101101110110
101101110110
011111111111
100101110110
101101110110
111111111111
111111101101
111111011111
100101110110
011011111011
111111111111
101101110110
110110011111
001111111111
111111111011
001111111111
110000000000
001111111111
110000000000
110000000000
110011111111
111111111111
110000010000
110000010000
111000010000
111000111100
111111011111
111111011111
111000011100
111111011111
111111101111
111111111111
111101111111
000111100011
111000011100
111000011100
111010011101
011111111111
011011010011
011011010011
010011000011
110111101111
011011110011
101100011100
111011110111
111011110111
111001110111
011111111011
011011011111
111011011111
011111111111
111011011111
011111111101
011011011111
111011011111
111011011101
011111111111
011111111111
110111111011
111111011111
111111111111
011111111111
101111101011
111011000111
011111111111
011111111111
100100111000
100100111000
110111111111
110100111100
011111111111
011111111111
111011000111
011111111111
011010000111
111111111110
110001000111
111110111110
110001000111
001111111001
110101100101
111111111111
111111111111
110101100111
111111111111
111110011110
001010011010
111110011110
110101111101
110101111101
110101111101
110101111101
110101111101
111111111111
111111111111
111111111111
111111111111
111011111001
111011111001
111111111111
111011111001
111011111111
010001111001
111011111111
111111111111
111011111001
111111011111
010001111001
111111011111
011011111001
011011111101
010101111111
111011111111
111111111111
000111001101
101111001101
000111001101
000111001101
010111111111
111100110010
010111111111
111011111111
111111111111
000111001101
111011111111
101111001101
010101111111
111100110010
111110110010
111101111111
111011111111
111111111111
110010111110
101101000001
110010111110
101101000001
101101000001
110010111110
011111111111
110010110110
010010110110
010010110110
011111111111
110010110110
110100110111
110100110111
110100110111
111111111111
110100110111
110101111111
110001110111
111111111111
110101110111
110101110111
111111111111
110001110111
110101110111
110001110111
010001110111
010101110111
111111111111
111011101111
111111111111
111111111111
110001110111
110101110111
110101110111
110101110111
110101110111
011010001111
110101110111
101111111000
101111111000
101111111000
111111101011
111110111111
111111101011
111111111111
111111111011
111111101011
111111101111
100101010100
111111111111
111111111011
111111111111
111111101111
111111111111
011010110110
100101011101
111111111011
100101011101
011010110110
100101001101
111111101011
011010110110
111111111011
011111100011
011111100111
100101011101
111111111011
111010111110
011011101110
001111010101
110100111110
111011011011
010100111110
010100111110
101100100101
110111111110
011111111111
111011011011
110111111110
101000100101
011111111111
111111011011
011010111111
110101100100
101111011011
110101100100
110101100100
110101100100
101111011011
101111011011
011010111111
111111011011
111111011011
110111100100
111101011011
110111100100
011010111111
110111100100
101101011011
101101011011
111111111111
110111100100
111101011011
011010111111
100111100100
111101011011
111111111111
110111100100
011010111111
011010111111
101111111111
011010111111
111111111111
111111111111
111111111111
111111111111
011000011011
111111111111
011000011011
111111111111
011000011011
100111100100
111010111111
100111100100
111111111111
111111111111
100111100100
011001011011
011001011011
011001011111
101111111111
011001011111
111111111111
111111111111
011001011111
111111111111
111111111111
011001011011
011001011011
011101011011
011001011011
111111111111
111111111111
111011111111
111111011111
011101011111
111011111011
111011111011
011011111111
010101000110
111011111111
111111111101
111011111101
111011111101
010101000110
010101000110
111011111111
111011111111
111111111101
111111101110
101110101000
010101010111
111111101100
101110111011
111011101100
101110111001
111011111101
101110111011
010101000110
010101010111
111011111101
101110111011
010101010111
111111111111
111011111101
111111111111
111111111111
111111111101
000101000011
111010111111
111010111111
111111111101
111111111101
111010111111
000101000011
000101000011
111010111111
111111111101
111010111110
111111111100
111111111110
000101000011
111111111101
111010111111
111010111111
111010111111
000101000011
111111111111
000101000011
111111111101
111010111111
001101000100
110111111111
111111110101
110111111111
001101000100
111010111011
111010111011
110111111111
111111111111
001101000100
110111111111
110111111111
111010111011
110011111111
111111110000
111111111110
111111111010
110011111010
001100000101
111111111111
110011111010
110011111010
110111111111
000100001110
111011110001
111111111111
101000111101
101000111101
011111011111
110111100010
101000111101
101000111101
101000110101
011111001110
011111001110
111111111111
011111001110
111111101110
111111101110
111111111111
101000110111
100000111101
011111011111
011111011111
011111011111
011111010111
100000101100
011111010111
111111111011
111111100110
111111100110
010111011101
111111100110
011111111111
010111001100
110111001100
011111111111
110111001100
110111001100
100000110001
011111111111
111111001110
111111001110
111111001110
011111111110
111111011111
011111011110
111111111110
111111111111
111111111111
111111111111
111111111111
111111111111
111111111111
111011111100
111011111100
111011111100
111011111100
111111111111
111011111110
111111111111
111111111111
111011111110
111011111110
111111111111
111111111111
111111111111
100111111101
111110111111
111011101111
111011101111
110100111111
001111010000
110100111111
110100111111
110100111101
011111010010
110100011101
111011000000
000100111111
000100111111
111111111111
000101101011
011111111011
100101101111
100101111111
111111011100
111010110111
101101100110
111111101111
111111011100
110010111011
011111100111
110010011011
011111111100
111101100111
101010011011
010111100010
101111111111
111000011101
010111100010
111000011101
011000001101
110111110010
111111111110
000111100001
111000011110
011111111011
111111111111
111000011111
111000011111
111000011111
110111101111
111000011110
111111111110
111111111110
111111111110
111111111110
111111111110
111111111111
111111111110
111111111111
111111111110
111111111110
011111101011
111101011110
111111011111
111101011110
111011111111
111111011111
111111111111
000110100001
111101111110
111101111110
111101111110
111111111111
111101111110
111101011110
011011111111
111011111111
101101011110
101101011110
101001011110
101001011110
111111111110
101011011110
110110100001
011101111111
110110100001
110110100111
101111011111
011101111000
011101111000
101111011110
101111011110
101111011111
111111011111
111011101000
110010001000
110010001000
011111110111
110110011111
100111010010
111000111101
100111010010
100111010010
111000111101
111000111101
111000111101
111111111111
111000111101
111000111101
111111111111
100111010010
111000111101
111111111111
011111101111
011111101111
111111111111
111000111101
011111101111
111000111101
111111111111
011111101111
111000111101
100111010010
111100111111
000111000010
101111011110
101011011100
010110100011
101011011100
101011011100
111101111111
111001011100
111111111111
111101011110
111111111111
111100011110
111000011100
111011111101
010001001111
100111101101
011001110010
011001110010
011001010010
111110011111
100111101101
100111101101
100111101101
111111111111
011000110010
100111101101
100111101101
111111111111
100111001101
111111011111
111111111111
111111111111
111111111111
011000110010
111111111110
011000110011
111111111111
111111111111
111111111111
100111001101
111111111111
100111001101
100111001101
111111111111
111111111111
011000110010
100111001101
011000110010
100111001101
100111001111
010010111011
101111001111
010010111011
111011111110
000110001011
111101110101
111011111110
000110111011
111101010101
111011101110
000100010001
011110100000
100111011101
111111111111
100111011101
100111011101
111111111110
100111011101
100111011101
100111011101
111101110110
111111111111
111011111111
100111011101
100111011101
111011111111
100011011101
111111111110
111101110110
011010101011
111101010110
111111111111
111101010110
011010001111
100111111011
111101110110
011010001101
111101110111
011110001101
110101111111
110101110111
001010001101
001011101101
111101111111
111111111111
110111111111
111110011110
111101111111
111101111111
001011101101
111111110011
111111111110
110100011111
110100011111
110100011111
111111111110
111111111110
101111110011
101111110010
100001110011
111111111111
111110101101
100001110011
100001110011
100001100011
011110011100
010110111100
011100011100
111011111111
010010111100
010010111100
011000011100
111101011111
111001011111
111010111100
111101011111
111111111111
111000011100
111010111100
110111111111
110010111100
110111111111
111101011111
111101011111
001111100011
111110111100
111101011111
111100110101
101000111100
101000111100
101000111100
111001111111
101110111100
111101111111
110110101010
111111111111
111111011011
111111011011
101111111111
101111111011
101111111011
101111111011
101111111011
101111111011
101111111011
111010001100
101100000101
101100100101
111100101111
111111111011
111111011011
111100101111
000011110100
111111111011
111111011111
110111111111
110011111111
111011111111
110111111111
110111011110
111111111111
001111110101
001111110101
111111101111
110011011110
110111011100
110111111110
110111011100
111111011101
111111011101
111111111111
111111101111
110111001101
011010111010
111111001101
111111001101
010010111010
111111110111
010010001000
111111101111
111111001101
101101100111
111010011001
111010011001
011010011000
111111101111
011010011001
111111111110
111111111111
111111111110
111010011000
111111111111
111111111111
011010011000
101101110111
010111101110
111111111111
010101101110
111111101110
111111101110
111111101110
101111110111
111111101110
101111110111
010101101110
010101101110
111010011001
111111111111
111010011001
000101100110
010101101110
111111111111
010101100111
111111011111
101010111000
111101110111
101000110101
101001111011
001111011101
110110100110
111111111111
110110100110
110110100110
111111111111
110110101110
111111111111
110110101110
110110101110
110000101110
111011111111
111011111111
111011111111
000111111101
111011111111
111111110011
000111110001
111101111101
111100101010
111111111111
000111110101
111110101010
111011011111
111110101010
111011111111
111001111111
111101111111
101110111111
101000011111
111111011111
111011111111
111111011111
111011111111
111001011111
111111110111
111111110111
111111011111
111111011111
101011111111
110111111110
011111111111
111111111111
111011000011
011111111111
110111111110
011110111111
101001000001
011110111111
111101111101
111110011111
101001110001
111111111111
111110001111
110111111110
011111111111
111110011111
110111111110
101011110001
101011110001
011111111111
101011110001
011111111111
001011110001
110111111110
101111110000
110000001111
001111110001
011111111110
101111110011
111111111111
111111011100
101111110011
010000101111
010000101111
101111110011
010000101111
010000101111
111111111100
101111110000
111111101100
101111100000
101111110011
111111111111
101111110011
111111111101
011000111111
110111111111
111111101111
110111011110
011000101111
110111111111
101111000000
101001110011
111111111110
111001111111
111111111111
110110011101
001111100011
111001111111
111111111111
001111100011
110111111101
111111111111
011111101111
111111111110
111111111110
110110011110
111111111111
111111111111
111111111111
101001110001
010110011111
101001110001
111001111101
111111101111
010110111111
010110111111
010000111101
010110111111
101111010011
101111010011
111111101111
111111111111
111111110110
101111011111
101111000011
111111111110
010000111101
000000111001
010000000111
011111110111
101011011011
011100100100
111111111111
000100110101
000100110101
111111111111
111011111111
111111011111
111111011111
111111011111
111011011111
111111111111
111011011111
111101100100
111111011111
000111111011
111011111111
111111011111
000110111011
000111111011
000111111011
111101100100
111101100100
111010011111
111011011111
111111100100
111010100100
111010100100
111111111111
000101011011
111011101101
000101011011
111011111111
111011101101
111111101101
111110100100
111010110110
111110100100
111110110110
111110100100
111111111111
111110111111
111011101101
111011111111
000101011011
111010110110
111111111101
111111111101
111111111101
110010100110
110110100110
111111111111
111111111101
110010100100
110010100100
001101011111
110010100110
111111111111
111111111101
111111111101
111111111101
111111111101
110010100110
110010100100
011101011011
001101011011
011111111111
001000111011
110111101111
101010110010
110111101111
011111011111
101000110110
011111011111
111111111111
011111011111
101010110110
101000110110
101000110110
110111101001
111111111111
111111111111
111111001101
111111111111
111111101101
011111011111
111111111111
110000110010
011111111111
011111111111
110010100010
000110110010
100100010110
110100110010
101111101101
111111011111
011111011011
111111111111
011111011011
111111011111
011111111011
111111111011
100110000100
111001111011
111001111111
111111110010
111111111111
111111111111
111110111011
000001001101
111111110110
111110110010
111110110010
111111111111
001111011111
110001100100
111110111011
001111011111
011111111111
101011010010
010111111111
100011111110
101011111111
111100000001
011111111111
100011110100
111111001011
011100011011
110011110101
001100011010
111111101111
011100111111
111111101111
001100111110
110011110101
110011110101
110011010001
001100111110
110011110101
111111011011
111111101111
011101111110
011101101110
110011110101
111111101111
111111111111
111111111110
011101111110
111111101111
111111101111
100010010001
100010010001
011101111110
011101111110
011101111110
011101111110
011101111110
011101101110
011101111110
011101111111
111111111110
100010010001
111101111111
111111111111
011111101111
011101101111
011101101111
011101101111
011101101111
011101101111
110111011011
011101111111
111101111111
111011100111
011101111111
111011110111
011001100111
011001100111
011101111111
111111101111
111110111100
011111111111
111111101111
001011110111
001011100111
111101111111
111101111111
101001100110
011111111111
110110001001
110110011001
110110011001
101001100100
101001100100
011111111111
111111011101
101011110110
101011110110
111111101111
011111111111
011111111111
110100011001
011111101111
011111111111
111111101111
011111011101
111111011101
111111001101
011111001101
110100111011
011111111111
101011100100
110100111011
011111011111
101011110110
011111011111
110100111001
111111111111
011101001111
011111011101
111101111110
001111001000
011111001001
001011000000
101111111110
001011000000
111111111111
111111011100
011011100111
100100111111
111111101011
111111011101
000011101010
111111111010
110111111001
001001001111
110111111001
111111111111
100111110000
111111110110
011001001100
100110111011
011001001100
111001101100
111001100110
011001100110
011001100110
010100111110
011111111110
111111110111
111111110111
101011001001
010100111110
111111111111
101111111101
110110111011
111111111111
111111110110
011001011111
101111111101
101111111101
111111111111
010111111111
111111111111
111111110011
101111111101
010111110011
101111111101
111000001110
101111111101
101111111101
010111110011
000111111101
111111110011
101110111101
010111110111
101110111101
010111111111
101110111101
101110111101
101110111101
111001001110
010111110111
111111111111
111001001110
101110111001
111001001110
101110111001
111001001110
010111110111
111111111111
101110111001
101111110001
111111110111
111001001110
010111111111
111111110111
010111111111
111001001110
010111111111
010001001110
111001001110
000111111001
111110110111
111111110111
111111110111
111111101001
010110110111
111111111111
111111111111
111111111111
101111111001
110110111111
100110111001
100110111111
101111111111
111111111111
110101110111
101001001010
110111110111
110111110111
111111111111
110111110111
111111111111
110111110111
111111111111
111001001010
111111111111
011111011111
110101110011
111111111111
111111111111
111111110110
111111111111
111111111111
101111110111
011111111111
101110110100
111111111111
111111111111
111111111111
101110110100
001110110100
001110110100
111111111111
111110110100
011111111111
111001111011
110011111101
111100111110
001111001011
110011110101
101111011011
111111111101
110011110111
011111101111
110011110111
111100111110
111100111110
110011110111
111100111111
011100101111
010111000110
000111000110
101111111001
010000000110
010111100110
111111111011
111111111011
111111111011
111111111011
010100100110
010111100110
111111011011
010100100110
111100111111
010111100010
101011111001
010101000010
010101000010
011111101111
101001111001
110111111111
100010111101
101010111101
111101011000
111101111011
111111111101
111111011110
111101011000
111101111011
111101011000
111101111011
111000011010
111111011111
111101111011
111111011100
111101111011
111010111111
111101111011
001111100101
110111011110
110111111111
111000111011
111101111011
111111011110
111111101011
001111110101
111111101001
111111101111
111000111110
111101111110
111111111101
111111111101
111000111110
111111111101
111111111001
111111101111
111111101101
101111111111
111111111011
010111010111
111101111111
010010010101
010010010101
101111111111
111101111110
111101111110
101101111010
101101111110
111111111101
000100001111
000100001111
111011110010
111111111111
111111111101
111011110011
111111111001
000101001100
111011110011
111110110011
111111111111
111111111111
111110110011
111111111111
111110110011
111110110011
111110110011
111111111111
000001001110
111111111111
111110110001
111110110001
111110110001
111110110001
111110110001
000011001110
111111111111
111101110001
111111111111
000011001010
111101110001
011101110001
111111111111
111110111110
111110111110
111110111110
111110111110
111110111110
000001001111
000001001111
100100001111
000000110011
111111001100
111111001100
111111001100
111111001100
111111111111
010010111011
111101001100
111111111111
000010110011
111111111111
111111111111
111101001110
000010110001
111101001110
101111110111
111011001110
101111111111
010100111011
111011001100
101111110111
111111110111
111111111111
111111110111
110111111001
100110001010
100111011010
111110101111
111110101111
100111011010
111110101111
101111111011
111111111111
101110101111
111011111111
111011101011
100110010110
100010010110
111011101011
111111101011
011101111101
111111111111
111101111111
111011111111
111110101011
100111010110
011101111101
101110000010
111110101111
111011111111
111011111111
101110000010
111011111111
101111010110
111011111111
111111111111
111011111111
111011111111
111111111111
111011111111
111011111111
111011111111
111011111111
111111111111
111111111111
111011111111
111001110110
111000110001
111000111001
111111110111
111000110001
000111001110
000111001110
111111111111
111000110001
111001110011
111000110001
111011111011
111001111011
111100110101
000111001110
111100110101
111100110101
111110110101
111100110101
001111011110
111101111111
111110111101
111101111111
111100111101
111100110101
111111110111
111111110111
111011110011
111101110111
100000001001
111111110111
111111110111
100000001001
100010001001
011111110110
011111110110
011111110110
011111111110
111111111011
011111101100
101111111011
110000010111
100111110011
001100101101
111111011011
111011011011
111111101111
110011110110
111011111111
111111011011
101111111111
101111111111
110111011111
110111011111
111111111111
110111011111
110111011111
111111111111
100111011111
101111111111
100111001111
101111111111
111101111111
101111111111
101111111111
111111111111
010010101000
111101111111
011010111000
111101111111
111101111111
111101111111
110101101111
110101101011
110101101111
111101111111
011010111000
100111000111
101111010111
110101101111
111111110111
110101101111
110101100111
110101100111
111111111111
110111101111
111111111111
111101111111
111100101111
111110111111
111110111111
111111111111
001011110101
011011110110
010011110110
111111111111
111011110110
110011110110
101011000000
101111101001
101011101000
010111111111
000111111011
101000000100
010111111111
010111111111
111000000101
111111111111
110111111111
101111101111
111111111111
010010010100
101111111111
101111111111
111101111011
111101111011
101111001111
101111001111
111111110111
000010001101
000010001101
111101111011
111101111010
111101111010
000010011101
111111100111
111111111110
000010000101
000010011101
111111111111
000010000101
111101110010
111101110010
111101110010
110111011101
111111110111
111111110111
011111111011
110111011101
111111110111
110111011101
011111111011
111100111111
111111110111
101011101110
111111110111
010111011011
111111111111
111111111111
001110101011
010100010000
010100010000
101111101111
010100010010
111110010011
010100010010
101111101111
101111101101
010100010010
101101101110
111111111101
111110010001
101011101111
101011101111
010101011111
111111111101
101011101110
101011101100
010101011111
010101011111
101011101110
111111111101
010101011111
111111111101
101011111110
101011111110
011111111111
111111111111
001011111110
111111111111
010100000011
110101011101
110101011000
001110101101
011111111111
011111111010
001110111010
111111111111
001110111111
111011001110
001010001110
111111111111
111011001110
111111011111
001010001110
110111111111
011010101110
111111101110
111110101110
111110111111
111100111111
111000011111
111100110100
111100011111
111011100100
111011101111
111111110100
000111111011
111110100100
111100001111
111111100100
110110011111
110101011111
001011111011
111111111111
110100011111
111111110101
111111101111
111100011111
110100011111
111110011111
111111100101
110111101111
110111100101
111111010101
111110111111
111111011111
111111010101
111111111111
111110111111
111110011111
111110011111
111111111111
001001111010
011111010101
101100111010
011011010101
110111101111
010011000101
101101111010
101101111010
100101101010
110110101111
100110101111
110111101111
111111111111
111111111111
110111101111
110111101111
110110101111
110111101011
000110000101
010111101111
111111111111
111110010101
011110000101
001110000001
111001111110
101110101111
111110101111
101110101111
111111110001
101111111111
101111110100
101111110100
100110100100
110110111111
100110100100
011001011111
101111100100
110110111111
011001111111
111101001011
101101000000
011011111111
111101001011
101111110100
110110111111
111111111111
000100000000
111011111111
011101001011
000100000000
111111011111
110110111111
110010111111
001101000000
110110111111
111011111111
111011111111
111011011111
100110111110
111011011111
111111111111
100110111110
011101100001
111011011111
111111111111
100110111110
111011011111
001101100001
111111011111
111111111011
110110111111
101111111011
111111111111
011001100100
111011111111
101111011011
001101101111
111111011011
110101010000
011011001100
111011011100
100101110011
111111111111
111011011111
111111111111
111111111111
111111011111
111011111111
111111111110
111011111111
111111101011
111101111110
111111101011
111001111110
111011111111
111101111011
110011011111
110001000010
100101000000
111111111111
011110111111
101101101101
110111010011
111011111110
011110111111
100101000001
010111110111
000101100101
010011110111
111111111011
111110111111
101001001101
010110110110
101011110100
011111111111
010111011011
011111111111
011111111111
111011110111
111010110101
100011111010
010101000111
111110111101
111111011111
111111111111
111110111101
011101100111
111111111111
011111111111
111111011111
111111011111
111111011111
000111011111
000111011111
111111111110
000101011111
111111111111
000011011111
111111111111
000010010101
111111101110
111111111011
111111100110
110111111011
001010011101
110101111011
101011111111
110111111111
111111001100
010101000010
111111111111
010000001010
111111111111
000000011011
101111100110
111111101110
111111111101
111111111111
111111110111
101111111111
111111110111
101111111101
101111111111
010000011010
111111100111
111111111111
010000011010
011111111111
011111010101
011111101101
011111111101
111111101111
101101010111
111101011111
011111111111
101111111111
111111101111
110010111000
011111101011
100010110000
000111101111
011111101111
000111101111
000111101111
000111101111
000111101111
111111111111
111111111111
011111101111
111111111111
111111111111
111111111111
111100011110
011111100111
000111101111
111111110111
000011101001
111100011110
111111110111
111111110111
111111110111
111100011110
111100111110
111111111111
111111011111
111111110111
111111111111
000011001001
000111001111
111111110111
111111011111
111111110111
111111111111
111111111111
111111111111
111111001111
111111001111
111111001111
111111111111
111110111111
111110111111
111110001111
111111111111
111110111111
100001111110
011111000001
011110000001
111110111111
100001111110
100100111110
100100111110
101100101110
110001101111
011111010101
101110111010
010111100111
010011101111
111111110010
101101001101
111110111111
010011111111
010011111111
010011111111
111100011111
111101111111
011100011111
111111110111
011110001101
111111111111
110011110111
101111111010
110011110111
111111101101
011110011111
110011110111
101101111011
101111111011
010010001101
111101110010
111111110110
111110111111
111110111111
111111100110
110101111110
111111111110
110101111111
111101111111
111111111111
110111011110
111111111111
111110101011
111111111111
111101111111
111111111111
111111111111
111111101111
011111110110
101101011011
111010111111
101101011011
111111111111
111111111111
111111111111
111111111111
011111110110
110111101101
011111110110
111010111111
011111110110
111010111111
011010100110
110111111101
111010111111
110111111101
111111111111
101101011011
110010111101
110010111101
011111100110
110111101101
011111110110
011110111111
111111110111
111111111111
111101111111
111111100011
110001111100
001111100011
111110011111
110001111100
111111100111
111111100111
110000011100
001111111111
111000011010
001111100111
111111111111
001111100110
111111111111
110111111101
001111111111
110111100101
111111101111
111100011010
000011111101
011100001010
101011110111
111111111111
011100001110
011100001110
011110001110
111111111111
010111100101
101000011010
100011110001
011111101111
100101110001
011111101111
101011111011
011110001110
101011111011
111011111011
111110011110
010111101101
001011101111
101011111111
011111101111
011111101111
101111111111
011111101111
001111101111
011111101111
101111111111
001111111111
001111011111
111111111111
111111111111
101111011111
111111111111
111111011111
101111011111
011000011111
011000011111
111101011111
111111011111
111010111111
111111111101
101101110110
111111111101
111111111101
111111111101
010110001011
011111101111
111110111011
110110001011
110110001011
011111111101
110101101111
111110011011
111111111011
110111111111
100110100101
011001111010
011001111010
000110100001
100110100100
111110111111
111001111111
111001110011
111111011110
111101110110
110011111110
001000110000
000010111000
110001110110
110001110110
110001110111
110011111111
001110111000
000010010000
111111111111
001110010000
001110010000
011111101011
011111101011
110101110110
011111111011
100111101111
111110011101
110010001101
110110011101
011101110010
011101110010
100011101111
100111101111
100111101111
011111010010
001101100010
101101101111
110111111111
111111111101
101101110110
111111111101
010110111011
010010001011
011111111011
111111111111
111111110110
011110111001
011110110000
011110111001
101111100110
011000110000
110111001111
110111111111
101001111111
001000111001
001110111001
001000111001
001000111001
111001110110
111001111111
011110111001
101111111111
101111101111
111111101111
101111111111
101111111111
010110110000
111111001111
101111001111
010000110000
111111111111
101111111111
101111111111
011110110000
101111111111
001110010000
111001111111
111001111111
011110110000
100110011111
111111100000
101110100000
011001111111
111111011111
011001111111
001000111111
101110111111
110111111111
110111011111
111111110000
110111011111
001000101111
111110111111
001001101111
111111110010
111110110000
111110110000
111110110000
111111110000
110111011111
111110110000
110111011111
111110110000
111110110000
000000100000
111111111111
111111111111
111111011111
000011101011
111110011111
000001100000
111110111111
111110111111
111111011111
111111111111
000001100000
111111011111
111111011111
111111011111
111101110010
111111111111
111000111111
111100111111
000011100000
111111111111
000011101111
111111110000
111111011111
000011001111
111110011111
111111111111
111011111111
111111011011
111111111011
001110011111
001111011111
111111111111
111000110101
011111111111
001111011111
011111111111
001111011111
011111011111
111000110101
101111111111
111000110101
011000010101
011111011111
111111111111
101000110100
110111001011
011111111111
011111111111
101001110101
101001110101
011111011111
101001110101
011111111111
111111011111
001001110101
111001110101
111011111101
000111001111
111010111101
111111111111
001111111111
111101010010
111111111111
110010101101
111101010010
001101111010
110101001010
111101011010
111101011010
111111011110
010111101111
111111111111
111111111111
101111111111
111111111111
101111111111
111110110101
101111111111
111111111111
010011111011
010010110001
010011111011
010010110001
101111111111
110110110101
111101001110
111101001110
111111111111
111101001110
010011111011
111101001110
111111111111
000010110001
111101001110
111101111110
111010000101
000111111011
101101111110
111111011111
111111011111
101111111111
111111011111
111111011111
111010111101
010111111011
101010011101
111010111101
111111011111
010010111001
010010011001
101010111101
010010111001
111101100110
000010111001
111010111101
111010011101
010111111011
111010111101
000010110001
111111011111
111010111101
101010001101
101101110110
010111101111
101101110110
010111101111
111010011001
011111110111
001101100110
101111101111
101101100011
010111011111
111111111111
010011011100
111011111100
011011011100
111111111111
011111011100
011011011100
111111111111
111010011100
101010011100
011111111111
011010011100
011111111111
011111011011
111100011000
111111011111
101101001100
101101001100
111101111111
101101001100
101111001110
100111101110
100111101110
100101001110
111111001110
111111111111
111111110111
111110101111
111111111111
111111111111
111111110111
111110110111
111111111111
111110110111
111111111111
010111111111
010100011111
010100011111
111011110001
010100011111
011011101011
110100010101
001011111111
101101111111
111111110100
011011110100
101101111111
011011110100
010010010100
010010010100
110110011111
111111111111
110111111111
111011010000
000110001111
110101011111
001110101111
110101111101
111111111111
110111011111
100100001101
101110101101
110101011111
011011110010
011110101101
011101011110
111110101101
010001010010
111111111111
011001010010
011001010010
111111111111
011001010010
011001010010
011001010010
101111111111
111111111111
011001010010
011001010010
011001010010
110110111101
111111101111
110110101100
011001010011
011101001111
111111111111
011101001111
111111111110
010100111101
010100111101
101111110011
110100111101
010100111101
010100111101
101111111111
110011001111
111100110000
101111111111
011011001111
111110111101
111101110011
100111111110
111110111101
011011000011
111001000011
011110111101
100111100010
100111100010
100111100011
111001111111
111001111111
101111000011
010110111100
111111111111
111001111111
101111001111
111001111111
010110110000
111111111111
111111111111
111011001111
111111111111
101101011111
111101011111
111101011111
101111111111
111111111111
111111011111
111111011111
110111110011
100111110011
111111111111
110111010011
111111111111
111111111111
110111010011
110111010011
110111010011
100111010011
100111010011
101111111111
100111001011
111111111111
101111111111
010111001011
010111001011
111000110100
110111001011
101111111111
001111111111
100111001011
110000000000
100000000000
111000111111
110000000000
101111111101
101111111111
110111111101
111101010110
111111001100
011010101011
011010101011
111111111111
111101110101
111111111110
111111110101
111111111111
011010100000
111111011101
000000100110
011010100111
100111111110
111111111110
111111111100
111111111100
011111111100
011111111100
111111111100
111111111100
111111111100
111111111100
111111111100
111111111111
111111111100
110000100111
100000100111
010111010011
111011100111
000110111001
011100111001
011100111001
111111111111
101011000101
111111111111
011100111011
100011000101
111111111110
100011000101
111111111111
011100111011
111111111110
111111111111
111111111111
111111111111
110111111111
111101111111
111101111111
111101111111
111101111111
111101111111
111101111111
011111111111
111111111111
011111111101
011111111101
010111001100
110111001110
011111111101
110111001110
011111111101
011111111101
011111111101
010111001100
010111001100
111111111111
011111001100
011111001100
011111111101
011111111101
011111111101
111101110011
111111011111
100010101110
111111011111
111101010011
111111111101
111111111111
111111111111
111101110011
111110111111
111111011111
111110111101
011101101110
111011111011
111011011111
111011011101
111011011111
101111110111
101111010111
111111111111
110111111110
100011110110
100011111110
111110111111
111111111111
111111001001
100011110110
111111110111
011111111111
111111111111
111111011001
111111011001
111110110111
111111111111
111111110111
100010111110
011001110111
101111001001
111101110111
000111011001
111110101110
100110011000
100111011001
111110111110
111111111111
110111011001
100111011001
111001110111
011001110111
100111011001
011001110111
111001110111
111111101111
100111011000
111000100111
111111111110
111111001001
111111001001
110111111111
010111110111
100111110111
111111001001
111111110111
100011110111
100111110011
111111011111
101111101111
111111101111
110010110001
101101001010
001101001010
111111111111
111111111111
101101001010
001111001011
001111111111
010010010001
101111111111
111101111110
101101101111
111111001111
010010000011
010010110011
111111111101
101001011110
111101111111
111111111101
010110110011
111111111101
101111111110
111001001111
111001011111
111001011111
111011011111
111111111101
111111111101
101001001110
101001001110
010110110011
111101111111
010110100011
000100100010
111111111101
111011011111
010100110011
111011011111
111011011111
000100100010
000100100010
111011011111
010110110011
111111111101
011111011111
110011111101
110011111101
111111111111
111111111111
111111111111
010110111111
010110111111
111111111111
010110111111
000110111111
010110111111
111011011000
010110111000
010110111111
111111111000
010100111000
111111011111
111111111111
001000110010
110111011101
001001110010
111111101111
001001010000
110110111111
111111101111
111111011101
111111101111
100100111110
111111001101
011011110011
100100111110
111111011101
011011110011
111111101111
111111111011
111111101011
101101111110
010110001111
111111101111
110111101111
110111101111
110111101111
110111101111
111111111111
110111101111
111111111111
101111111111
101111101110
010101010000
010101010000
010101010000
001100010110
111011101001
111101111111
111010111011
111111111111
110100101001
110100101001
101111111110
110100101011
101111111110
111111111111
101111111110
111111111101
101111111110
111011110111
101111111100
111111111111
111011110111
011011010111
011011010111
111111011111
101111111110
100111111110
101111111110
001100101100
110111101111
101100101010
101100101010
111111111111
111111111111
111111111111
111011111111
101100101010
101100101010
111111111111
111111111111
101100101000
011011010111
101100101010
010011010111
111111111111
111111111111
110110111101
011011100111
110110111101
101101111010
101101111010
011011000111
110110111111
110111111111
100101111010
100101111000
110111111111
111111111101
011011000111
100101111000
101101111010
101101111010
101100111010
101100111010
011011000111
110111111101
111111111111
101111111000
100111111000
101100010000
010011101111
111111111111
101111111010
110111111101
010110111111
111111111111
101001011100
111111110011
011101110000
110110101111
111111111111
111111111111
111111111111
111111010111
111111111111
011111111111
110100101000
111101111100
111111010110
111111010110
111111010110
011111111111
110110101011
111101010100
011111111111
110110101011
111101010100
111101010100
111111111111
101011111111
110100000000
111111111111
100010101011
111101111101
010110101011
101011111111
011111111111
111101010100
111101010100
101011111111
111111111111
110110101011
111111010110
001001111101
101111010110
011111111111
111011111111
011111111111
111011111111
111111111111
011111111111
011101111101
011111111111
110010101011
111111111111
111101111101
111101111101
101111010111
111011111111
101111010111
111001111101
001111010111
011101111101
101111010111
110110101010
110110101010
001111111111
101101010101
101101010101
101111010111
111011111111
110010101010
110010101010
110000101000
111111111111
011011111111
110110101010
110010101010
111111011111
111011111111
110010101010
110110101010
100110000010
111111111111
111001111101
011111011111
110110101010
111111111111
111111111111
011011011111
111111111111
101111111111
101111111111
111111111111
110110100010
111111111111
110100101000
111101111101
111101111101
111101111101
111101111101
110110100010
111111111111
111111111111
101101111101
011011011111
110110100010
011011011111
011001011101
001101111101
101101111101
101101111101
111101111101
101101111101
111111111111
101111111111
